  -8.6323624e+00   1.4870000e+00   0.0000000e+00
   4.0514951e+00   8.4115083e+00   0.0000000e+00
   8.5075296e+00   5.0815143e-01   0.0000000e+00
  -8.7405133e+00   1.8952685e+00   0.0000000e+00
  -9.1898054e+00   1.9106680e+00   0.0000000e+00
  -4.4094801e+00  -7.4458065e+00   0.0000000e+00
   5.6876385e+00  -7.2376823e+00   0.0000000e+00
   8.0076394e+00   4.8104064e-01   0.0000000e+00
  -9.8597375e+00   9.1022739e-02   0.0000000e+00
  -8.5639913e-01  -9.0446970e+00   0.0000000e+00
  -3.1156763e+00  -7.1157198e+00   0.0000000e+00
  -2.2767814e+00  -7.6712372e+00   0.0000000e+00
   4.7843016e+00  -7.8064657e+00   0.0000000e+00
  -4.0385093e+00   8.2344113e+00   0.0000000e+00
   1.3850743e+00   9.7029505e+00   0.0000000e+00
   1.2072837e+00   8.6626913e+00   0.0000000e+00
   7.1874685e+00   3.8065013e+00   0.0000000e+00
  -9.1522294e-01   8.3130106e+00   0.0000000e+00
   5.9240252e+00   7.2451657e+00   0.0000000e+00
  -4.6069239e+00  -7.2125118e+00   0.0000000e+00
   5.8879203e+00   7.0418768e+00   0.0000000e+00
  -7.7074344e+00   2.8971110e+00   0.0000000e+00
  -5.9442804e+00   7.4698214e+00   0.0000000e+00
  -3.6534231e+00  -7.9939789e+00   0.0000000e+00
   2.0234176e+00   8.4347493e+00   0.0000000e+00
  -6.7347154e+00   5.6338653e+00   0.0000000e+00
  -8.1581690e+00  -4.6651017e+00   0.0000000e+00
  -8.3839776e+00  -4.5650514e+00   0.0000000e+00
  -8.4590345e+00   4.2699259e+00   0.0000000e+00
  -7.1999344e+00   5.9745550e+00   0.0000000e+00
  -9.4275133e+00   1.0818751e+00   0.0000000e+00
   6.1549335e+00   7.0288979e+00   0.0000000e+00
   6.0227124e+00  -7.2669768e+00   0.0000000e+00
  -1.2166320e+00   7.7882589e+00   0.0000000e+00
  -4.7466375e-01   9.4651160e+00   0.0000000e+00
  -3.9673289e+00  -7.5142278e+00   0.0000000e+00
  -1.2856205e+00  -8.8247146e+00   0.0000000e+00
  -7.2511731e+00  -6.3221700e+00   0.0000000e+00
   5.8057765e+00  -6.4605015e+00   0.0000000e+00
   1.6011940e+00  -9.1371335e+00   0.0000000e+00
  -8.6050661e+00   1.9650206e+00   0.0000000e+00
   9.0418943e+00   3.0308285e-01   0.0000000e+00
   8.9187323e+00   9.3890116e-01   0.0000000e+00
  -3.0776299e+00  -8.5873909e+00   0.0000000e+00
   8.0655872e-02   8.9922086e+00   0.0000000e+00
  -1.1322602e+00  -9.0705418e+00   0.0000000e+00
  -3.1422431e+00   8.6135910e+00   0.0000000e+00
  -9.1725730e+00   4.6790217e-01   0.0000000e+00
   2.4187896e+00   8.4833392e+00   0.0000000e+00
   4.7010853e+00  -7.5435426e+00   0.0000000e+00
   7.6763642e+00   5.2406289e+00   0.0000000e+00
  -1.4513986e+00  -9.4778982e+00   0.0000000e+00
   4.2239536e+00   9.0472627e+00   0.0000000e+00
   9.2572234e+00   1.2695394e+00   0.0000000e+00
  -1.8468353e+00  -8.8808802e+00   0.0000000e+00
  -4.6388618e+00   7.8666654e+00   0.0000000e+00
   2.8759023e+00   8.6200058e+00   0.0000000e+00
  -3.9786636e+00  -8.3037398e+00   0.0000000e+00
   8.7016037e+00   5.9468939e-01   0.0000000e+00
   2.9999306e+00   8.7258480e+00   0.0000000e+00
   6.8301199e+00  -7.1264017e+00   0.0000000e+00
   3.6051555e+00  -7.9792267e+00   0.0000000e+00
   8.1890695e+00   3.7859027e+00   0.0000000e+00
  -7.4684757e+00   4.9826046e+00   0.0000000e+00
   9.2167537e+00   1.9850433e+00   0.0000000e+00
   7.6866141e+00   4.2403877e+00   0.0000000e+00
  -7.0689165e+00   5.5633302e+00   0.0000000e+00
  -5.8527809e+00   7.2019095e+00   0.0000000e+00
  -3.0093768e+00   8.5111176e+00   0.0000000e+00
  -9.2593168e+00  -2.3218759e-01   0.0000000e+00
   7.8055912e+00   3.2792240e+00   0.0000000e+00
   6.7562626e+00   4.5109198e+00   0.0000000e+00
   4.1450206e-01   1.0238926e+01   0.0000000e+00
   9.2643122e+00   3.4849672e+00   0.0000000e+00
   8.0114470e+00   5.2008905e+00   0.0000000e+00
  -5.9898325e+00  -6.3392152e+00   0.0000000e+00
   5.6684557e+00  -6.8770910e+00   0.0000000e+00
   7.0509624e+00  -5.5592428e+00   0.0000000e+00
   8.8595206e+00   3.0484371e+00   0.0000000e+00
  -4.2728525e+00  -7.9584760e+00   0.0000000e+00
   8.8375241e+00   5.7512790e-01   0.0000000e+00
   6.7188833e+00  -5.3446034e+00   0.0000000e+00
  -7.0609575e+00  -5.8439704e+00   0.0000000e+00
  -7.4609679e+00  -5.9577563e+00   0.0000000e+00
   6.7804047e-01  -8.9653662e+00   0.0000000e+00
  -5.4698628e+00  -6.4478330e+00   0.0000000e+00
  -2.6851722e+00  -9.6195067e+00   0.0000000e+00
   8.5884491e-01   9.0739025e+00   0.0000000e+00
   4.3495232e+00  -8.7831564e+00   0.0000000e+00
  -2.9718708e-01   8.6496706e+00   0.0000000e+00
   6.3839481e+00   6.7437093e+00   0.0000000e+00
   4.5979283e+00   7.6031783e+00   0.0000000e+00
   7.7982552e+00   5.2044538e+00   0.0000000e+00
   7.0558500e+00   3.7035605e+00   0.0000000e+00
  -5.5570091e+00  -6.3719473e+00   0.0000000e+00
  -3.8369015e-01  -9.1159091e+00   0.0000000e+00
  -5.4493708e+00   6.0292421e+00   0.0000000e+00
   9.4484671e+00   2.0649029e+00   0.0000000e+00
   2.4765500e+00  -8.8652958e+00   0.0000000e+00
  -1.4096069e+00   8.4663669e+00   0.0000000e+00
   7.0679494e+00   6.0493761e+00   0.0000000e+00
  -3.1944074e+00  -8.3418932e+00   0.0000000e+00
   7.0558233e+00  -5.1492655e+00   0.0000000e+00
   5.4191287e+00   6.6265500e+00   0.0000000e+00
   2.3258972e+00   1.0201444e+01   0.0000000e+00
   8.7517439e+00   3.2033207e+00   0.0000000e+00
  -6.7593121e-01  -8.3201300e+00   0.0000000e+00
   1.8439516e+00  -8.4863105e+00   0.0000000e+00
  -3.6104233e+00  -8.0966743e+00   0.0000000e+00
  -8.2474480e+00  -5.4825608e+00   0.0000000e+00
  -7.7879648e+00   5.4071335e+00   0.0000000e+00
  -7.8633951e+00  -3.4278185e-01   0.0000000e+00
   8.3732031e+00   2.1063461e+00   0.0000000e+00
  -2.1032561e-01   8.7289263e+00   0.0000000e+00
  -5.8602343e+00  -7.8574760e+00   0.0000000e+00
  -3.5885536e+00  -7.4349682e+00   0.0000000e+00
  -8.6305026e+00  -2.7150614e+00   0.0000000e+00
  -6.0344478e+00   7.1636982e+00   0.0000000e+00
   2.8666037e+00  -8.4290231e+00   0.0000000e+00
   2.1613153e+00   8.1554835e+00   0.0000000e+00
   7.7121787e+00   3.4739276e+00   0.0000000e+00
   6.8020281e+00   6.5317103e+00   0.0000000e+00
  -4.2826809e-01   9.4574148e+00   0.0000000e+00
  -3.4883953e+00  -8.5446281e+00   0.0000000e+00
   7.9706240e+00   3.0132979e+00   0.0000000e+00
  -5.5075168e+00  -7.0202203e+00   0.0000000e+00
   5.3907287e+00   7.4037999e+00   0.0000000e+00
   8.3740423e+00   1.7063047e+00   0.0000000e+00
   4.8276257e+00  -7.6778608e+00   0.0000000e+00
  -4.1262682e+00  -7.1235617e+00   0.0000000e+00
  -1.0431126e+00   8.5791937e+00   0.0000000e+00
  -3.8221186e+00  -8.1302320e+00   0.0000000e+00
  -4.4246117e+00  -8.4945173e+00   0.0000000e+00
  -6.4962247e+00   4.9168690e+00   0.0000000e+00
   9.1884559e+00   1.5749223e+00   0.0000000e+00
  -6.1056415e+00  -5.7416207e+00   0.0000000e+00
  -3.5923301e+00   8.8255308e+00   0.0000000e+00
   6.5658745e+00  -7.1717921e+00   0.0000000e+00
  -9.3157885e-01   8.3995343e+00   0.0000000e+00
  -8.9734474e+00   2.6464820e+00   0.0000000e+00
  -3.2208506e+00   8.3593396e+00   0.0000000e+00
  -7.4197250e+00   4.3367971e+00   0.0000000e+00
  -1.6895463e+00   8.7440378e+00   0.0000000e+00
  -8.7333347e+00  -7.5234177e-01   0.0000000e+00
  -4.7023234e+00  -7.9530902e+00   0.0000000e+00
  -4.3407182e+00  -7.3351072e+00   0.0000000e+00
   5.3271176e+00   7.3486091e+00   0.0000000e+00
   3.6172805e+00  -7.5433854e+00   0.0000000e+00
  -9.0136453e+00   1.8559209e+00   0.0000000e+00
  -6.1056974e+00   7.2329917e+00   0.0000000e+00
   6.2773126e+00  -6.4095730e+00   0.0000000e+00
  -8.7458843e+00   3.4409966e-01   0.0000000e+00
   7.9251935e+00   5.9027284e+00   0.0000000e+00
  -6.5289675e+00   4.8289452e+00   0.0000000e+00
   5.7146624e+00   6.1547573e+00   0.0000000e+00
   4.1534971e+00  -7.9733712e+00   0.0000000e+00
   7.1734575e+00   2.9137509e+00   0.0000000e+00
   1.4522317e+00   7.9583143e+00   0.0000000e+00
  -4.8850246e+00  -7.0000964e+00   0.0000000e+00
  -8.5508410e+00   2.5066899e+00   0.0000000e+00
  -2.0587709e+00  -8.5098787e+00   0.0000000e+00
  -7.6368054e+00   3.6014731e+00   0.0000000e+00
   2.1754492e+00  -8.6125030e+00   0.0000000e+00
  -1.1556334e+00   8.7790514e+00   0.0000000e+00
  -8.1102814e+00   4.5705730e+00   0.0000000e+00
   3.6784040e+00   8.0535423e+00   0.0000000e+00
   8.7661271e+00   3.4961068e+00   0.0000000e+00
  -7.3267398e+00  -5.0124429e+00   0.0000000e+00
  -8.2227096e+00  -4.3501945e+00   0.0000000e+00
   6.1106494e+00  -7.6547898e+00   0.0000000e+00
  -1.3820283e+00  -8.9967754e+00   0.0000000e+00
  -7.8629548e+00   5.3586145e+00   0.0000000e+00
   9.7125900e+00   2.8452979e+00   0.0000000e+00
  -9.9104429e+00   2.5147742e-01   0.0000000e+00
  -4.2873507e+00   7.8295593e+00   0.0000000e+00
   4.1212416e+00  -8.1614406e+00   0.0000000e+00
   3.0881920e+00  -7.8694299e+00   0.0000000e+00
  -7.9127374e+00   4.0864626e+00   0.0000000e+00
  -6.8044689e+00   4.8251009e+00   0.0000000e+00
   5.5350367e+00   7.0551301e+00   0.0000000e+00
  -7.2494546e+00   5.4105929e+00   0.0000000e+00
  -4.9093208e+00   7.4798281e+00   0.0000000e+00
  -8.3200433e+00   2.0965277e+00   0.0000000e+00
  -7.9339737e+00  -1.7215874e+00   0.0000000e+00
   8.6785808e+00   1.7924525e+00   0.0000000e+00
   2.8512649e+00  -9.1629827e+00   0.0000000e+00
   3.9665401e+00   8.3852261e+00   0.0000000e+00
   1.2808820e+00   8.1112317e+00   0.0000000e+00
   6.9104418e-01   1.0207763e+01   0.0000000e+00
  -8.4420952e+00  -4.3940746e+00   0.0000000e+00
   8.0878234e+00   3.4436316e+00   0.0000000e+00
  -7.7162519e+00   4.1667515e+00   0.0000000e+00
   3.1888548e+00  -8.5286145e+00   0.0000000e+00
  -6.8518524e+00  -5.1253319e+00   0.0000000e+00
   8.0566001e+00   3.0054547e+00   0.0000000e+00
  -7.4312843e+00   5.1589408e+00   0.0000000e+00
   1.5177811e+00  -8.6096222e+00   0.0000000e+00
   7.8321372e+00   2.7058987e+00   0.0000000e+00
   8.2523179e+00   2.6774868e+00   0.0000000e+00
  -7.8619226e+00  -1.7725827e+00   0.0000000e+00
   7.1011346e+00   5.1960058e+00   0.0000000e+00
   8.7501063e+00   2.5115737e+00   0.0000000e+00
   1.0576778e+00  -8.1008987e+00   0.0000000e+00
   7.7205814e+00   5.4382314e+00   0.0000000e+00
  -8.3974036e+00  -4.3258226e+00   0.0000000e+00
   7.3677543e+00   5.4564787e+00   0.0000000e+00
  -1.9182536e+00  -8.9398181e+00   0.0000000e+00
  -7.7912769e+00  -5.0474535e+00   0.0000000e+00
   4.3073280e+00  -8.6334010e+00   0.0000000e+00
  -4.2617265e+00  -7.9558955e+00   0.0000000e+00
   7.6197449e+00   4.5723584e+00   0.0000000e+00
  -9.6768912e+00   8.8311374e-01   0.0000000e+00
   3.1264822e+00   8.6198067e+00   0.0000000e+00
  -6.3987163e+00  -5.6513968e+00   0.0000000e+00
  -7.9839263e+00  -4.7310622e+00   0.0000000e+00
   2.5851368e+00   7.8099899e+00   0.0000000e+00
  -6.3511221e+00   6.2114685e+00   0.0000000e+00
  -4.9438000e+00  -7.9094675e+00   0.0000000e+00
   8.5171979e+00   3.3232318e+00   0.0000000e+00
   4.6640966e-01  -9.0631127e+00   0.0000000e+00
   5.0719034e+00  -7.6032175e+00   0.0000000e+00
  -1.9114119e+00   9.2325645e+00   0.0000000e+00
  -9.7205236e+00   2.4249657e+00   0.0000000e+00
   5.9989818e+00  -7.9906028e+00   0.0000000e+00
  -7.9107309e+00  -1.7670956e+00   0.0000000e+00
  -7.9799908e+00   4.9548087e+00   0.0000000e+00
   8.2574478e-01  -8.7028284e+00   0.0000000e+00
   6.6372122e+00   6.8578257e+00   0.0000000e+00
  -8.2940661e+00   6.2359534e-01   0.0000000e+00
   6.1878146e+00  -6.5579704e+00   0.0000000e+00
  -6.9913150e+00   6.0153030e+00   0.0000000e+00
  -8.7935449e+00  -3.0984625e-01   0.0000000e+00
  -7.7853939e+00  -5.5882462e+00   0.0000000e+00
  -8.5285614e+00   4.3471512e+00   0.0000000e+00
   4.0270693e+00  -8.2243521e+00   0.0000000e+00
   5.4659660e+00  -7.3664856e+00   0.0000000e+00
   9.5555326e+00   3.9943193e-01   0.0000000e+00
  -7.1192381e+00  -6.6469161e+00   0.0000000e+00
  -8.1506528e+00  -5.0117277e+00   0.0000000e+00
   5.1143443e+00  -8.6548240e+00   0.0000000e+00
   1.6403343e+00  -8.8858607e+00   0.0000000e+00
   2.1274451e-01   8.5808170e+00   0.0000000e+00
  -8.5875004e+00  -1.8880843e+00   0.0000000e+00
   4.0723320e+00   8.8214216e+00   0.0000000e+00
  -2.3346534e+00   9.3302892e+00   0.0000000e+00
   5.9512558e+00  -7.6537991e+00   0.0000000e+00
  -9.4906581e+00  -1.7524324e+00   0.0000000e+00
  -4.8415706e-01   9.5588893e+00   0.0000000e+00
   1.0582136e+00  -9.0978916e+00   0.0000000e+00
   3.6733051e+00   8.3453116e+00   0.0000000e+00
  -6.5009300e+00  -6.6802108e+00   0.0000000e+00
  -6.8273174e+00   3.6963789e+00   0.0000000e+00
   4.8151549e+00   7.2890990e+00   0.0000000e+00
   6.3155091e+00   5.4319138e+00   0.0000000e+00
  -4.8224035e+00   7.9534907e+00   0.0000000e+00
  -8.6205885e+00   2.9936821e+00   0.0000000e+00
   2.8061279e+00   8.6639197e+00   0.0000000e+00
   8.0973750e-02  -8.4768139e+00   0.0000000e+00
  -8.3181184e+00   1.6143718e+00   0.0000000e+00
   6.0976533e+00   6.9657356e+00   0.0000000e+00
   7.3358794e+00  -6.4943308e+00   0.0000000e+00
  -9.4763103e+00  -1.7139538e+00   0.0000000e+00
   3.1990248e+00   9.1930027e+00   0.0000000e+00
   4.9495084e+00  -7.3107810e+00   0.0000000e+00
   8.4350730e+00   1.0672345e+00   0.0000000e+00
  -7.8951903e+00  -5.1956271e+00   0.0000000e+00
   1.1206850e-01  -9.2055736e+00   0.0000000e+00
  -7.6147503e+00  -5.7844080e+00   0.0000000e+00
  -7.8463175e+00   3.6322974e+00   0.0000000e+00
  -8.9779903e+00  -2.8767556e+00   0.0000000e+00
   1.3522252e+00   7.9759500e+00   0.0000000e+00
  -2.6397594e+00  -8.6913374e+00   0.0000000e+00
   8.7543767e+00   2.0361336e+00   0.0000000e+00
   2.5694922e+00   8.9036867e+00   0.0000000e+00
  -6.9898905e+00   4.5386306e+00   0.0000000e+00
   5.3932466e+00  -7.0735746e+00   0.0000000e+00
  -3.7089679e-01  -9.4667169e+00   0.0000000e+00
  -8.2168716e+00   2.8637496e+00   0.0000000e+00
   5.2856487e+00  -8.3857733e+00   0.0000000e+00
   7.1541534e+00   5.9417223e+00   0.0000000e+00
   8.8401662e+00   1.8806199e-02   0.0000000e+00
  -8.3711646e+00  -2.8290655e-01   0.0000000e+00
  -7.0282359e+00  -5.8875552e+00   0.0000000e+00
  -1.0828399e+00  -8.6960587e+00   0.0000000e+00
   6.0906304e+00  -7.4665157e+00   0.0000000e+00
  -3.7222250e+00  -9.2816285e+00   0.0000000e+00
  -3.6143694e+00  -8.6635767e+00   0.0000000e+00
  -8.8813240e+00   1.3446298e+00   0.0000000e+00
  -2.4498428e+00  -8.0167572e+00   0.0000000e+00
   3.0936701e+00  -8.7944117e+00   0.0000000e+00
   5.4963122e+00   6.5306321e+00   0.0000000e+00
  -1.8209397e+00   9.0377403e+00   0.0000000e+00
  -9.5723868e+00   1.6253655e+00   0.0000000e+00
  -8.0586061e+00  -6.1798166e+00   0.0000000e+00
   4.6953043e+00   8.1426603e+00   0.0000000e+00
  -9.1223299e+00   2.7551700e+00   0.0000000e+00
  -7.7007183e+00   2.0039129e+00   0.0000000e+00
  -4.8639990e+00  -6.6109725e+00   0.0000000e+00
  -2.9344641e+00   8.4235313e+00   0.0000000e+00
   8.6249167e+00   2.2533323e+00   0.0000000e+00
  -8.7267431e+00  -2.1782015e+00   0.0000000e+00
  -7.0864610e+00  -4.9490451e+00   0.0000000e+00
  -8.7151448e+00   1.7540596e-01   0.0000000e+00
   7.9961405e+00   1.8346064e+00   0.0000000e+00
   8.1368081e+00   4.1667367e+00   0.0000000e+00
  -7.0557078e+00  -6.5587988e+00   0.0000000e+00
   8.3251465e+00   3.0993028e+00   0.0000000e+00
  -8.2692286e+00  -4.9073647e+00   0.0000000e+00
  -9.0324922e+00   2.6572425e+00   0.0000000e+00
   7.4243090e+00   6.5600043e+00   0.0000000e+00
  -2.5715625e+00   8.5466013e+00   0.0000000e+00
  -7.8300140e+00  -4.9230336e+00   0.0000000e+00
   6.6746342e+00   7.4822305e+00   0.0000000e+00
  -8.5092088e+00   2.1803062e+00   0.0000000e+00
  -4.5937938e+00   7.9513981e+00   0.0000000e+00
   8.2000591e+00   4.5569172e+00   0.0000000e+00
  -5.6196437e+00   6.8156764e+00   0.0000000e+00
   8.0553175e+00   3.5235682e+00   0.0000000e+00
  -7.3027047e+00  -4.3290626e+00   0.0000000e+00
  -7.1707780e-01   9.2647437e+00   0.0000000e+00
   5.0177628e-01   8.4518225e+00   0.0000000e+00
   7.4906128e+00   3.5387909e+00   0.0000000e+00
  -4.6909832e+00  -7.0697699e+00   0.0000000e+00
  -2.1630455e+00  -8.0186922e+00   0.0000000e+00
   6.0418881e+00   7.1952070e+00   0.0000000e+00
  -4.8642711e+00  -7.0175329e+00   0.0000000e+00
   4.4589732e+00   7.5104696e+00   0.0000000e+00
   4.0459151e+00  -8.0079453e+00   0.0000000e+00
   2.0095411e+00  -7.8352852e+00   0.0000000e+00
   4.0613670e+00   8.2544689e+00   0.0000000e+00
   6.2825716e+00   6.2229549e+00   0.0000000e+00
   2.5240832e+00  -8.9632302e+00   0.0000000e+00
   4.9427528e+00   8.1209193e+00   0.0000000e+00
   8.1578368e+00   3.6710630e+00   0.0000000e+00
  -5.1876483e-01  -8.4334838e+00   0.0000000e+00
  -3.4686955e-01   8.6212434e+00   0.0000000e+00
  -5.3296721e+00   5.9979698e+00   0.0000000e+00
  -4.1512221e+00  -7.6732316e+00   0.0000000e+00
  -2.9611830e+00  -8.8450158e+00   0.0000000e+00
   8.8337605e+00   3.7187995e+00   0.0000000e+00
  -9.2324926e+00   1.6623124e+00   0.0000000e+00
   4.0219802e+00   7.8003890e+00   0.0000000e+00
  -1.4772889e+00  -8.1647601e+00   0.0000000e+00
  -4.3436513e+00  -7.3656925e+00   0.0000000e+00
   6.5126482e+00   7.2673717e+00   0.0000000e+00
   6.2214677e+00  -6.0902072e+00   0.0000000e+00
   5.1197951e+00  -6.3793500e+00   0.0000000e+00
  -8.6756294e+00  -2.4958453e+00   0.0000000e+00
  -7.9908353e+00   4.5287943e+00   0.0000000e+00
  -6.6554871e+00   6.4487094e+00   0.0000000e+00
  -8.8197191e+00   3.7357243e-01   0.0000000e+00
   5.5253358e+00   7.6003413e+00   0.0000000e+00
   6.1026815e+00   6.5237197e+00   0.0000000e+00
   2.0874899e+00   8.7880785e+00   0.0000000e+00
  -9.2897788e+00   2.2018715e-02   0.0000000e+00
   7.3223013e+00   3.7224385e+00   0.0000000e+00
  -8.2841130e+00  -1.6683530e+00   0.0000000e+00
  -7.6643533e+00  -2.9908744e+00   0.0000000e+00
  -8.9480324e+00   3.8390270e+00   0.0000000e+00
  -2.1527742e+00  -8.4902792e+00   0.0000000e+00
  -4.9204544e+00   8.6294653e+00   0.0000000e+00
  -8.2399221e+00   2.9096696e+00   0.0000000e+00
  -3.7141204e+00   7.1308638e+00   0.0000000e+00
   8.4791473e+00   2.7989566e+00   0.0000000e+00
  -6.3715698e+00  -5.8769572e+00   0.0000000e+00
   8.9465746e-01  -9.3805857e+00   0.0000000e+00
  -9.2357267e+00   2.9567931e+00   0.0000000e+00
  -5.7813618e+00  -7.3342889e+00   0.0000000e+00
  -8.2242645e+00   5.0193518e+00   0.0000000e+00
   3.0657004e+00  -9.0059092e+00   0.0000000e+00
   8.7735652e+00   1.6316637e+00   0.0000000e+00
  -7.2228439e+00   6.4263885e+00   0.0000000e+00
   7.3517081e+00   4.9974372e+00   0.0000000e+00
  -8.1447172e+00  -7.8034837e-01   0.0000000e+00
   3.8084455e-01   9.4059057e+00   0.0000000e+00
   2.5575792e+00   8.6611617e+00   0.0000000e+00
  -7.2043426e+00  -5.6316662e+00   0.0000000e+00
   4.3636673e+00   7.7845653e+00   0.0000000e+00
   3.0214801e+00   8.6584524e+00   0.0000000e+00
  -3.4644306e+00   7.5135406e+00   0.0000000e+00
   2.4503553e+00   8.2196527e+00   0.0000000e+00
   9.3778424e+00   2.1658095e+00   0.0000000e+00
  -2.0690057e+00   8.7183344e+00   0.0000000e+00
  -4.5971422e+00   8.3059755e+00   0.0000000e+00
  -8.7037106e+00  -1.7381268e-01   0.0000000e+00
   2.6825847e+00   8.7576238e+00   0.0000000e+00
   9.2198907e+00   5.4234164e-02   0.0000000e+00
   4.4827782e+00   8.0198423e+00   0.0000000e+00
  -8.2412268e+00   2.1840877e+00   0.0000000e+00
  -7.8512685e+00  -3.1536903e+00   0.0000000e+00
  -3.4532853e+00   8.5556300e+00   0.0000000e+00
  -4.3578667e+00  -7.8798202e+00   0.0000000e+00
   2.2715950e+00  -7.5092663e+00   0.0000000e+00
  -8.5916568e+00   1.0568100e+00   0.0000000e+00
   4.2141704e+00  -7.8205820e+00   0.0000000e+00
   2.0064650e+00  -8.5136278e+00   0.0000000e+00
   9.0004739e+00   1.7093933e+00   0.0000000e+00
  -3.2467564e+00  -8.9478439e+00   0.0000000e+00
  -1.3955418e+00  -8.7926417e+00   0.0000000e+00
   5.1517326e+00  -7.9639641e+00   0.0000000e+00
  -8.1998342e+00  -2.3683177e+00   0.0000000e+00
   7.4302529e+00   5.6165148e+00   0.0000000e+00
  -3.1007987e+00   9.6535916e+00   0.0000000e+00
  -9.2301942e+00   1.3863856e+00   0.0000000e+00
   6.5236281e+00   6.3071983e+00   0.0000000e+00
  -1.5006149e+00  -8.8803248e+00   0.0000000e+00
  -3.7243138e+00  -8.7502878e+00   0.0000000e+00
  -8.6060994e+00   1.0865087e-01   0.0000000e+00
  -1.0197231e-01  -9.0558919e+00   0.0000000e+00
  -1.2922953e+00   9.2305175e+00   0.0000000e+00
  -1.5154363e+00   7.9098886e+00   0.0000000e+00
  -4.8856041e+00  -7.4343597e+00   0.0000000e+00
  -3.6729165e+00  -7.6865735e+00   0.0000000e+00
   5.1949829e+00   7.2650546e+00   0.0000000e+00
  -3.1518380e+00   8.8526855e+00   0.0000000e+00
   2.8011220e+00   8.4640816e+00   0.0000000e+00
  -6.0097785e+00  -5.8207957e+00   0.0000000e+00
  -6.8737466e+00  -5.3101460e+00   0.0000000e+00
  -3.7373942e-01   8.4362338e+00   0.0000000e+00
  -6.2425386e+00  -5.6903070e+00   0.0000000e+00
   5.8158901e+00  -7.5345041e+00   0.0000000e+00
   4.5292328e+00   7.9355766e+00   0.0000000e+00
   5.4577042e+00  -6.7377120e+00   0.0000000e+00
  -6.6729707e+00   5.9755403e+00   0.0000000e+00
  -7.7652881e+00   6.3360544e+00   0.0000000e+00
   3.7411470e+00  -9.2587163e+00   0.0000000e+00
  -5.8044280e+00  -6.8980758e+00   0.0000000e+00
   6.9275892e+00  -5.4829785e+00   0.0000000e+00
  -7.2228730e+00  -5.0505928e+00   0.0000000e+00
  -5.3752901e+00  -7.8424713e+00   0.0000000e+00
  -7.1857355e+00   3.7508989e+00   0.0000000e+00
  -8.1575997e+00   1.3587376e+00   0.0000000e+00
  -3.3666655e+00  -7.9224740e+00   0.0000000e+00
  -8.6619512e-01  -8.9136105e+00   0.0000000e+00
   4.6416998e-01   8.5052176e+00   0.0000000e+00
   4.4063298e+00   8.4488323e+00   0.0000000e+00
  -8.1943155e+00  -1.6682850e+00   0.0000000e+00
   6.9393437e+00  -7.3733865e+00   0.0000000e+00
   6.9132217e+00   3.9922592e+00   0.0000000e+00
   3.5476096e+00   8.1616402e+00   0.0000000e+00
  -6.5047866e+00  -6.6833744e+00   0.0000000e+00
  -2.3898456e-01  -8.3615592e+00   0.0000000e+00
  -8.6577126e+00  -4.5004780e-01   0.0000000e+00
  -4.8450524e+00  -7.3271689e+00   0.0000000e+00
   7.4595960e+00   6.5265024e+00   0.0000000e+00
  -8.5178311e+00  -1.3504039e+00   0.0000000e+00
  -7.6366031e-01   9.0720898e+00   0.0000000e+00
  -7.6252769e+00   5.1836766e+00   0.0000000e+00
  -7.2203937e+00   6.6376238e+00   0.0000000e+00
  -4.8135931e+00  -6.6242990e+00   0.0000000e+00
   2.2687983e+00  -8.0320607e+00   0.0000000e+00
  -5.2244626e+00   8.4786716e+00   0.0000000e+00
  -8.9045045e+00   2.8386252e+00   0.0000000e+00
   3.2335779e+00  -8.7604988e+00   0.0000000e+00
  -5.0075729e+00   6.5111742e+00   0.0000000e+00
  -8.7167412e+00  -3.9888397e+00   0.0000000e+00
   7.1499398e+00   5.5057977e+00   0.0000000e+00
   7.3152061e+00   6.2415545e+00   0.0000000e+00
  -8.9287755e+00  -6.5374095e-01   0.0000000e+00
  -1.3880377e+00  -8.9979297e+00   0.0000000e+00
  -4.8724581e+00  -7.4737365e+00   0.0000000e+00
   5.0469858e-01  -9.1036228e+00   0.0000000e+00
   5.3684203e+00   5.8400328e+00   0.0000000e+00
  -7.5826357e+00   2.1807214e+00   0.0000000e+00
   5.4320668e-01  -9.0370017e+00   0.0000000e+00
  -8.5079151e+00   2.6422077e+00   0.0000000e+00
   6.8869313e+00  -6.0471617e+00   0.0000000e+00
   6.0254403e+00  -5.7266756e+00   0.0000000e+00
   3.5538154e+00  -7.7431027e+00   0.0000000e+00
  -1.9547277e+00  -8.3064598e+00   0.0000000e+00
  -1.0231157e+00   9.6755813e+00   0.0000000e+00
  -7.6661299e+00   4.5947163e+00   0.0000000e+00
   2.9847956e+00   8.3895267e+00   0.0000000e+00
  -6.0385725e+00  -6.4177196e+00   0.0000000e+00
  -1.0674903e+00   9.6234284e+00   0.0000000e+00
  -8.9496821e+00  -2.2753828e-01   0.0000000e+00
  -7.1133407e+00   4.7454735e+00   0.0000000e+00
   6.8319000e+00  -5.5127256e+00   0.0000000e+00
  -2.6510073e+00   8.7517665e+00   0.0000000e+00
  -5.0639888e+00   7.7253302e+00   0.0000000e+00
  -2.4377101e+00  -8.5263352e+00   0.0000000e+00
   2.8836951e+00   9.6220023e+00   0.0000000e+00
  -9.5340725e+00   1.7118981e-01   0.0000000e+00
  -5.9972492e+00  -7.0061358e+00   0.0000000e+00
   2.1328328e+00   9.2422268e+00   0.0000000e+00
   7.3160249e+00  -5.5454546e+00   0.0000000e+00
  -9.1527808e+00   9.4873793e-01   0.0000000e+00
  -9.4114653e+00   2.4074961e+00   0.0000000e+00
  -8.9520304e+00  -1.0854536e+00   0.0000000e+00
   5.6359740e+00   7.4588948e+00   0.0000000e+00
   9.1217442e+00   4.2549535e-01   0.0000000e+00
  -7.0093705e+00   4.5535249e+00   0.0000000e+00
   2.7414511e+00  -7.2244693e+00   0.0000000e+00
  -7.0855425e+00  -5.1239743e+00   0.0000000e+00
  -4.1792308e+00  -8.5137448e+00   0.0000000e+00
  -8.7909500e+00  -1.2110026e+00   0.0000000e+00
   5.0806772e+00   8.2577170e+00   0.0000000e+00
   1.3811333e+00  -8.6795117e+00   0.0000000e+00
   5.3338112e+00  -7.3539340e+00   0.0000000e+00
  -3.1168086e+00  -7.7360181e+00   0.0000000e+00
  -4.9642523e+00   3.3752868e+00   1.0000000e+00
   4.8246818e+00   7.5372609e-01   1.0000000e+00
   7.8666043e+00   1.6600793e-01   1.0000000e+00
   3.2830750e+00   4.7427914e+00   1.0000000e+00
  -3.9657332e+00   4.8114072e+00   1.0000000e+00
   4.7293262e+00   3.9040037e+00   1.0000000e+00
   5.2610197e+00   2.0007124e+00   1.0000000e+00
   5.3840653e+00   3.6641180e+00   1.0000000e+00
  -3.2025341e+00   2.0867949e+00   1.0000000e+00
   5.0981302e+00   1.6274689e+00   1.0000000e+00
  -1.2306401e-01   5.6389262e+00   1.0000000e+00
   5.2967402e+00   1.4489790e+00   1.0000000e+00
   4.5682207e+00   2.0836892e+00   1.0000000e+00
  -4.6612489e+00   4.6080399e+00   1.0000000e+00
   6.6732157e+00   2.1006663e+00   1.0000000e+00
   4.1257973e+00   3.2170546e+00   1.0000000e+00
   6.3570098e-01   4.9681471e+00   1.0000000e+00
  -3.9820673e+00   2.4048987e+00   1.0000000e+00
  -3.8662609e+00   2.4556510e+00   1.0000000e+00
  -1.0157992e+00   4.4919622e+00   1.0000000e+00
  -3.6393272e+00   6.4441264e+00   1.0000000e+00
   9.1540093e-01   5.1711334e+00   1.0000000e+00
  -5.9895466e+00   3.0761343e+00   1.0000000e+00
  -1.9087565e+00   7.8413462e+00   1.0000000e+00
  -3.7774451e-01   3.4778977e+00   1.0000000e+00
   4.8957982e+00   2.1094651e+00   1.0000000e+00
   8.5054602e-01   6.1878360e+00   1.0000000e+00
   6.3816097e+00   1.5540922e+00   1.0000000e+00
  -3.7588665e+00   6.4614397e+00   1.0000000e+00
  -2.5533982e+00   5.8406544e+00   1.0000000e+00
   4.1865511e+00   4.4012504e+00   1.0000000e+00
   3.4010555e+00   3.0652604e+00   1.0000000e+00
   7.4137125e+00   2.7363627e+00   1.0000000e+00
   7.6463993e-03   4.6539995e+00   1.0000000e+00
   1.7974420e+00   6.4736868e+00   1.0000000e+00
   4.9632464e+00   1.0608595e+00   1.0000000e+00
   5.1837224e+00   9.3733402e-01   1.0000000e+00
   1.5424808e+00   5.3517926e+00   1.0000000e+00
   4.0329856e-02   4.0057836e+00   1.0000000e+00
  -5.4711874e+00   4.1431117e+00   1.0000000e+00
   4.4927571e+00   1.1197345e+00   1.0000000e+00
   2.6749448e+00   3.8896697e+00   1.0000000e+00
   3.0683484e+00   4.3479347e+00   1.0000000e+00
   6.4725197e+00   4.8198847e+00   1.0000000e+00
  -7.0698600e+00   3.3877312e+00   1.0000000e+00
  -5.7382827e+00   2.2000256e+00   1.0000000e+00
  -5.4450821e+00   4.4123746e+00   1.0000000e+00
  -3.0391957e+00   6.6959430e+00   1.0000000e+00
  -2.1460351e+00   6.4208432e+00   1.0000000e+00
   5.7708531e+00   2.5774131e+00   1.0000000e+00
  -5.5223658e-01   3.2829898e+00   1.0000000e+00
  -4.8732476e+00   2.5337985e+00   1.0000000e+00
  -8.7200145e-01   5.2766893e+00   1.0000000e+00
   2.6951990e+00   2.5226952e+00   1.0000000e+00
   5.5182748e+00   6.8660203e-02   1.0000000e+00
  -1.1140235e+00   4.3639293e+00   1.0000000e+00
  -6.2745338e-02   5.8584138e+00   1.0000000e+00
   6.7449359e-01   7.9498920e+00   1.0000000e+00
  -3.7709846e-01   4.6463121e+00   1.0000000e+00
  -2.4790073e+00   5.3514904e+00   1.0000000e+00
  -5.1532866e+00   3.7354746e+00   1.0000000e+00
  -1.2826367e+00   5.2969691e+00   1.0000000e+00
   6.4181422e+00   8.5918449e-01   1.0000000e+00
   7.7299291e-01   6.3253021e+00   1.0000000e+00
  -2.1736036e+00   1.6524598e+00   1.0000000e+00
   6.5136681e+00   1.9427994e+00   1.0000000e+00
   8.7106947e+00   2.2622124e-01   1.0000000e+00
   3.8384574e+00   4.9486841e+00   1.0000000e+00
   2.3990057e+00   5.1232805e+00   1.0000000e+00
  -3.7298233e+00   5.2987446e+00   1.0000000e+00
  -4.6526734e+00   4.0788006e+00   1.0000000e+00
   3.2489025e+00   3.8395282e+00   1.0000000e+00
   6.7583819e+00   3.2061683e+00   1.0000000e+00
  -5.1592568e-01   5.5932791e+00   1.0000000e+00
   2.1372079e+00   4.6693203e+00   1.0000000e+00
   6.1436562e+00   7.7520884e-01   1.0000000e+00
   4.1903806e+00   2.6076111e+00   1.0000000e+00
   5.6518641e+00   1.1969828e+00   1.0000000e+00
  -7.0599722e+00   3.1660311e+00   1.0000000e+00
   4.5799409e+00   6.1384224e+00   1.0000000e+00
   5.3284067e+00   3.6496520e+00   1.0000000e+00
  -4.3007987e+00   2.7369081e+00   1.0000000e+00
   1.6295337e+00   5.2604991e+00   1.0000000e+00
   3.1585577e+00   5.5774226e+00   1.0000000e+00
   2.2913216e+00   6.5292133e+00   1.0000000e+00
   1.4346808e+00   5.5583615e+00   1.0000000e+00
  -3.8584504e+00   6.0322824e+00   1.0000000e+00
  -4.0206607e+00   2.9604984e+00   1.0000000e+00
   8.1900878e+00   9.4610177e-01   1.0000000e+00
   5.9825537e+00   1.8247332e+00   1.0000000e+00
   5.0934220e+00   1.6460462e-01   1.0000000e+00
   5.4046082e+00   4.5953189e-01   1.0000000e+00
   5.6912198e+00   3.5571611e+00   1.0000000e+00
  -3.3589909e+00   6.5512669e+00   1.0000000e+00
  -1.9269966e+00   7.5836263e+00   1.0000000e+00
  -3.9404223e+00   3.5525395e+00   1.0000000e+00
  -8.5699232e-01   7.2973725e+00   1.0000000e+00
  -2.7622544e+00   6.7520898e+00   1.0000000e+00
   5.0360372e+00   3.0858590e+00   1.0000000e+00
   4.5787690e+00   1.6670938e+00   1.0000000e+00
  -2.4993139e+00   5.7285323e+00   1.0000000e+00
  -2.0981614e+00   6.2015130e+00   1.0000000e+00
   2.7475866e+00   6.2608234e+00   1.0000000e+00
  -4.7318168e+00   5.8171345e+00   1.0000000e+00
   4.4378826e+00   2.8117390e+00   1.0000000e+00
  -3.9097424e+00   3.1537249e+00   1.0000000e+00
  -4.6136625e+00   1.5043010e+00   1.0000000e+00
   5.1502800e+00   2.3240755e+00   1.0000000e+00
  -2.9024214e+00   4.5576420e+00   1.0000000e+00
   4.5548354e+00   4.2040968e+00   1.0000000e+00
   5.2778039e+00   2.0249911e+00   1.0000000e+00
  -7.2153189e+00   2.4266217e+00   1.0000000e+00
  -3.5497453e+00   5.0299842e+00   1.0000000e+00
  -2.4909643e+00   6.7041744e+00   1.0000000e+00
   3.2982728e+00   5.2321431e+00   1.0000000e+00
  -2.9365808e+00   8.6450339e+00   1.0000000e+00
  -5.1678563e+00   3.0792877e+00   1.0000000e+00
   3.7170336e+00   3.5658151e+00   1.0000000e+00
  -5.3564620e+00   5.1579922e+00   1.0000000e+00
   5.8508983e+00   5.2297183e+00   1.0000000e+00
   6.5268010e+00   3.8791733e+00   1.0000000e+00
   3.5930146e+00   4.0601483e+00   1.0000000e+00
  -2.2894015e+00   5.1073506e+00   1.0000000e+00
   3.4937273e+00   4.1243356e+00   1.0000000e+00
   9.7452272e-01   5.3797902e+00   1.0000000e+00
   5.1155838e+00   1.4901810e+00   1.0000000e+00
   5.9618018e+00   4.5443175e+00   1.0000000e+00
  -4.9416588e+00   2.1608850e+00   1.0000000e+00
  -4.3290497e-01   9.5444549e+00   1.0000000e+00
   4.3111902e+00   3.5323251e+00   1.0000000e+00
  -1.0132152e+00   4.1313918e+00   1.0000000e+00
   3.2257696e+00   4.4542336e+00   1.0000000e+00
   9.3477658e-01   6.3644488e+00   1.0000000e+00
  -1.6232511e+00   4.2406420e+00   1.0000000e+00
  -3.0945812e+00   3.0525571e+00   1.0000000e+00
  -6.7068149e-01   4.8725622e+00   1.0000000e+00
  -3.5070286e-01   6.5666196e+00   1.0000000e+00
   2.5340635e+00   3.8108742e+00   1.0000000e+00
   5.6074829e+00   2.8493849e+00   1.0000000e+00
  -4.6798913e+00   2.8109114e+00   1.0000000e+00
  -4.6560571e+00   1.6980975e+00   1.0000000e+00
  -5.8736938e-01   7.4520102e+00   1.0000000e+00
   4.2328044e+00   3.8979295e+00   1.0000000e+00
  -4.2790588e+00   4.6615737e+00   1.0000000e+00
  -1.4612877e+00   4.5301065e+00   1.0000000e+00
  -3.6224732e+00   4.2932650e+00   1.0000000e+00
  -7.3339277e-01   6.9543029e+00   1.0000000e+00
  -7.4333054e+00   3.6787734e+00   1.0000000e+00
   2.2699442e+00   5.5880474e+00   1.0000000e+00
   3.3989601e+00   6.9378029e+00   1.0000000e+00
   5.8782103e+00   3.2302244e+00   1.0000000e+00
  -2.0693254e+00   4.4683720e+00   1.0000000e+00
   3.8572972e+00   3.6446188e+00   1.0000000e+00
   1.8896539e+00   5.2003652e+00   1.0000000e+00
   2.1913149e-01   7.5777831e+00   1.0000000e+00
  -2.5432845e+00   4.4445216e+00   1.0000000e+00
  -3.4271212e+00   4.7759598e+00   1.0000000e+00
   5.3314506e+00   3.5853554e+00   1.0000000e+00
  -2.4816598e+00   5.2803248e+00   1.0000000e+00
   5.5180499e+00   6.7214570e-01   1.0000000e+00
   4.2454728e+00   6.9386881e+00   1.0000000e+00
   4.5449373e+00   1.8385810e+00   1.0000000e+00
  -3.8700244e+00   8.1730396e+00   1.0000000e+00
   4.5138099e+00   5.0556977e+00   1.0000000e+00
   4.0440818e+00   2.8441786e+00   1.0000000e+00
   2.5620308e+00   2.4656382e+00   1.0000000e+00
  -1.2221196e-01   7.4008676e+00   1.0000000e+00
   4.4876747e+00   3.5463081e+00   1.0000000e+00
   3.7736043e+00   5.4026873e+00   1.0000000e+00
   1.6972357e+00   4.6838906e+00   1.0000000e+00
   4.3981843e+00   3.4525818e+00   1.0000000e+00
  -3.2705793e+00   6.7509462e+00   1.0000000e+00
   5.1718986e+00   2.2506289e+00   1.0000000e+00
   1.7042455e+00   5.1611819e+00   1.0000000e+00
   3.9349208e+00   5.2686259e+00   1.0000000e+00
  -3.2327366e+00   6.1469365e+00   1.0000000e+00
  -1.8171495e+00   7.3031931e+00   1.0000000e+00
   2.0449759e+00   4.8351589e+00   1.0000000e+00
  -1.0417812e+00   5.1682406e+00   1.0000000e+00
  -4.6796618e+00   4.8584060e+00   1.0000000e+00
  -4.2358097e+00   3.8895296e+00   1.0000000e+00
  -6.2738171e+00   5.2693375e+00   1.0000000e+00
   7.4243355e+00   1.9890320e+00   1.0000000e+00
   4.3787823e+00   3.9312976e+00   1.0000000e+00
   3.7193856e+00   4.8065832e+00   1.0000000e+00
  -5.8692474e+00   3.2300857e+00   1.0000000e+00
  -2.7892235e+00   5.8457833e+00   1.0000000e+00
  -4.7778039e+00   4.3249898e+00   1.0000000e+00
   2.6311443e+00   4.7365531e+00   1.0000000e+00
  -3.1236654e+00   4.3428153e+00   1.0000000e+00
  -1.9084198e+00   3.9168549e+00   1.0000000e+00
  -1.2900451e+00   4.5395935e+00   1.0000000e+00
   3.7722844e+00   5.2873394e+00   1.0000000e+00
  -5.2475238e+00   3.8229480e+00   1.0000000e+00
   1.3824223e+00   4.6127729e+00   1.0000000e+00
   2.6023574e+00   7.4504105e+00   1.0000000e+00
   4.2294171e+00   5.6453081e+00   1.0000000e+00
  -1.5019753e+00   4.5999718e+00   1.0000000e+00
  -5.0351180e+00   3.1540999e+00   1.0000000e+00
   3.6559981e+00   4.1263609e+00   1.0000000e+00
   1.9401437e+00   5.9543315e+00   1.0000000e+00
   7.5512529e+00   4.1714911e+00   1.0000000e+00
  -8.6206067e-01   6.0671480e+00   1.0000000e+00
  -4.9639545e+00   3.9739945e+00   1.0000000e+00
  -3.6502089e+00   4.6952780e+00   1.0000000e+00
   1.6884570e+00   1.2042343e+00   1.0000000e+00
   3.0666391e+00   6.4583779e+00   1.0000000e+00
   3.3312949e+00   4.5818830e+00   1.0000000e+00
  -3.1016607e+00   4.0317172e+00   1.0000000e+00
  -1.2656145e+00   5.3797714e+00   1.0000000e+00
  -2.4975049e+00   5.7480952e+00   1.0000000e+00
   5.3431988e+00   3.2067846e+00   1.0000000e+00
   3.0778867e+00   2.6741300e+00   1.0000000e+00
   8.0907627e-01   5.1024590e+00   1.0000000e+00
   3.0411921e-01   3.7296527e+00   1.0000000e+00
   4.9473802e+00   7.7075813e-01   1.0000000e+00
  -3.8153532e+00   3.4196211e+00   1.0000000e+00
  -2.1784050e-01   5.1235894e+00   1.0000000e+00
   3.9306088e+00   2.4189521e+00   1.0000000e+00
   7.6231435e+00   3.4716297e+00   1.0000000e+00
  -3.3004713e+00   2.7967469e+00   1.0000000e+00
   5.6552363e+00   1.3895185e+00   1.0000000e+00
  -5.7956669e+00   2.0695761e+00   1.0000000e+00
   4.6525447e+00   7.0871766e+00   1.0000000e+00
  -2.3174626e+00   4.7553781e+00   1.0000000e+00
  -3.3277765e+00   4.0669523e+00   1.0000000e+00
   5.0864587e+00   3.8608404e-01   1.0000000e+00
   6.1782530e-01   7.7621290e+00   1.0000000e+00
   4.9918120e+00   3.5337973e+00   1.0000000e+00
   7.9475839e+00   7.2045410e-01   1.0000000e+00
   2.4269654e+00   4.4856654e+00   1.0000000e+00
  -5.0417302e+00   4.0760703e+00   1.0000000e+00
  -4.8453498e+00   4.9454149e+00   1.0000000e+00
   3.2626930e+00   6.5486983e+00   1.0000000e+00
   5.7403264e+00   6.6325401e-01   1.0000000e+00
  -1.4575996e-01   8.2048719e+00   1.0000000e+00
   4.5060166e+00   1.3401866e+00   1.0000000e+00
   1.3205989e+00   4.5410590e+00   1.0000000e+00
   1.5301795e+00   4.5844068e+00   1.0000000e+00
   4.0692975e+00   5.7020641e+00   1.0000000e+00
   2.2748573e+00   5.6395936e+00   1.0000000e+00
  -6.6873696e-01   4.8989979e+00   1.0000000e+00
  -4.8828398e+00   7.3670094e+00   1.0000000e+00
  -3.2669345e+00   1.5637470e+00   1.0000000e+00
   3.0766090e+00   4.2005701e+00   1.0000000e+00
  -3.3441902e+00   4.5571283e+00   1.0000000e+00
  -1.0627511e+00   6.2825874e+00   1.0000000e+00
   3.9924097e+00   5.8273011e+00   1.0000000e+00
  -6.6789633e+00   3.2637078e+00   1.0000000e+00
   3.5768795e+00   2.4437477e+00   1.0000000e+00
  -5.3351375e+00   3.1129302e+00   1.0000000e+00
  -6.6200694e+00   3.0660224e+00   1.0000000e+00
   1.0397320e+00   5.8232973e+00   1.0000000e+00
   2.9863410e+00   6.0341738e+00   1.0000000e+00
  -5.6614484e+00   3.8431965e+00   1.0000000e+00
  -2.0957042e+00   4.5319458e+00   1.0000000e+00
   5.4011399e+00   1.0558806e-01   1.0000000e+00
  -5.8930422e+00   6.1070184e+00   1.0000000e+00
  -2.4019370e+00   6.9791204e+00   1.0000000e+00
  -4.0557881e+00   4.7465478e+00   1.0000000e+00
  -3.4292313e+00   5.4165842e+00   1.0000000e+00
   2.5433587e+00   6.1462095e+00   1.0000000e+00
   4.4435672e+00   2.4769514e+00   1.0000000e+00
   4.8608251e+00   1.2884274e+00   1.0000000e+00
   2.6706077e+00   7.1427711e+00   1.0000000e+00
  -1.9749028e+00   4.1465061e+00   1.0000000e+00
  -5.9917355e-01   3.0656025e+00   1.0000000e+00
  -6.2359841e+00   3.1098362e+00   1.0000000e+00
   6.1373458e+00   1.8201133e+00   1.0000000e+00
   5.8566001e-01   5.1175297e+00   1.0000000e+00
   1.4678230e+00   5.2784460e+00   1.0000000e+00
  -1.9981205e+00   5.1747239e+00   1.0000000e+00
  -4.7984192e+00   5.7744719e+00   1.0000000e+00
   1.7228209e+00   5.2055974e+00   1.0000000e+00
   4.5670177e+00   4.5758121e+00   1.0000000e+00
  -6.4146026e+00   3.6383666e+00   1.0000000e+00
   6.6797006e+00   1.1635679e+00   1.0000000e+00
   6.5210747e+00   1.3510556e+00   1.0000000e+00
   3.9990228e+00   5.2566219e+00   1.0000000e+00
   5.8015982e+00   1.9737766e+00   1.0000000e+00
  -1.0656133e+00   6.0878574e+00   1.0000000e+00
  -4.0920781e+00   2.3706138e+00   1.0000000e+00
   2.1748973e+00   5.2101249e+00   1.0000000e+00
  -1.3047866e+00   6.8482598e+00   1.0000000e+00
   2.9038724e+00   4.7224077e+00   1.0000000e+00
   4.3042402e+00   4.5992976e+00   1.0000000e+00
   1.4134903e+00   4.8252694e+00   1.0000000e+00
  -4.9513739e+00   3.7135962e+00   1.0000000e+00
  -2.6155045e+00   3.8204913e+00   1.0000000e+00
   2.2310212e+00   6.2014275e+00   1.0000000e+00
   6.9818505e+00   4.8651443e+00   1.0000000e+00
   5.5160199e-01   4.6017531e+00   1.0000000e+00
  -3.4347372e+00   6.3386785e+00   1.0000000e+00
   4.5699367e-01   6.1660998e+00   1.0000000e+00
  -4.8460248e-01   5.6092687e+00   1.0000000e+00
   4.8505819e+00   2.5743043e+00   1.0000000e+00
  -2.3215221e+00   3.8895042e+00   1.0000000e+00
  -1.1398864e+00   3.2745621e+00   1.0000000e+00
  -3.6551100e+00   3.8254285e+00   1.0000000e+00
  -4.1628202e+00   5.5626153e+00   1.0000000e+00
  -4.3797971e+00   2.2433056e+00   1.0000000e+00
  -4.8798531e+00   2.7207026e+00   1.0000000e+00
  -5.5465043e+00   3.7926524e+00   1.0000000e+00
   2.7446767e+00   6.5109019e+00   1.0000000e+00
   3.0219256e+00   5.1856332e+00   1.0000000e+00
   3.7710812e+00   7.2729823e-01   1.0000000e+00
   1.0664454e+00   5.6546708e+00   1.0000000e+00
   1.6578899e+00   5.0138484e+00   1.0000000e+00
  -2.4367278e+00   5.0960736e+00   1.0000000e+00
  -3.2183669e+00   4.2920259e+00   1.0000000e+00
  -4.0123153e-01   7.4787304e+00   1.0000000e+00
   4.1917293e+00   5.1230574e+00   1.0000000e+00
   3.2732653e+00   7.4058812e+00   1.0000000e+00
   3.2613706e+00   3.9913900e+00   1.0000000e+00
   3.2726841e+00   4.2222094e+00   1.0000000e+00
  -3.6543886e+00   3.8535840e+00   1.0000000e+00
  -3.8360334e+00   4.6592337e+00   1.0000000e+00
   3.6302093e+00   2.4365274e+00   1.0000000e+00
  -3.7939844e-02   5.8745873e+00   1.0000000e+00
  -5.8785833e+00   4.7774728e+00   1.0000000e+00
  -1.4836819e+00   2.9563438e+00   1.0000000e+00
   2.3515560e+00   6.2561473e+00   1.0000000e+00
  -2.6780230e+00   6.2508204e+00   1.0000000e+00
  -4.0469295e+00   1.7606368e+00   1.0000000e+00
  -3.3149902e+00   6.9451663e+00   1.0000000e+00
  -6.8885515e-01   7.0943016e+00   1.0000000e+00
  -6.2934707e+00   5.8268164e+00   1.0000000e+00
   4.7829006e+00   5.7398153e+00   1.0000000e+00
   3.8324212e+00   6.3470713e+00   1.0000000e+00
   4.8866106e+00   2.2473151e+00   1.0000000e+00
   3.9321140e+00   2.8804934e-01   1.0000000e+00
   3.4767031e+00   4.4610181e+00   1.0000000e+00
  -4.0762600e+00   5.9646414e+00   1.0000000e+00
  -4.8427411e-01   6.7313818e+00   1.0000000e+00
  -1.9053558e+00   5.9748193e+00   1.0000000e+00
  -3.6054997e+00   5.2081054e+00   1.0000000e+00
  -1.5649008e+00   4.9262637e+00   1.0000000e+00
  -4.5249220e+00   2.8599189e+00   1.0000000e+00
   6.0649200e+00   8.0928295e-01   1.0000000e+00
   7.5255775e+00   2.0991006e+00   1.0000000e+00
  -4.2039995e+00   3.6102321e+00   1.0000000e+00
   3.0992212e-01   5.1539278e+00   1.0000000e+00
   6.2213673e+00   4.0321468e-01   1.0000000e+00
  -2.2258427e+00   6.2024113e+00   1.0000000e+00
   6.8078684e+00   4.2523323e+00   1.0000000e+00
  -1.8608537e+00   5.9947141e+00   1.0000000e+00
   8.8976575e-02   7.5302709e+00   1.0000000e+00
  -5.3285971e+00   4.0093685e+00   1.0000000e+00
  -3.5984161e+00   2.6737231e+00   1.0000000e+00
  -2.7312266e+00   6.2127983e+00   1.0000000e+00
  -5.7665887e+00   2.9659782e+00   1.0000000e+00
   4.7368026e+00   4.8030893e+00   1.0000000e+00
  -3.8742078e+00   3.2597031e+00   1.0000000e+00
   5.3683673e+00   2.6261049e+00   1.0000000e+00
  -4.9685269e+00   4.4994006e+00   1.0000000e+00
   3.5734087e-01   6.3291790e+00   1.0000000e+00
   2.7899081e+00   5.5421104e+00   1.0000000e+00
  -5.0171758e+00   4.0000428e+00   1.0000000e+00
  -2.9337662e+00   5.8651455e+00   1.0000000e+00
  -5.0481352e+00   3.6853102e+00   1.0000000e+00
   2.8773995e+00   2.5644361e+00   1.0000000e+00
  -4.5069646e+00   5.5170186e+00   1.0000000e+00
   4.1139796e+00   3.1792615e+00   1.0000000e+00
  -6.4932469e+00   2.6367508e+00   1.0000000e+00
  -1.7114133e+00   7.3843131e+00   1.0000000e+00
  -4.0360084e+00   2.6429838e+00   1.0000000e+00
  -4.6488040e+00   2.5032472e+00   1.0000000e+00
   2.5459620e+00   5.0192022e+00   1.0000000e+00
  -4.1588036e+00   1.5945569e+00   1.0000000e+00
   4.5051375e+00   5.8880222e+00   1.0000000e+00
  -4.1673244e+00   2.2669595e+00   1.0000000e+00
   8.6612288e-01   5.0074355e+00   1.0000000e+00
  -5.1377863e+00   4.2114635e+00   1.0000000e+00
  -4.1228757e+00   3.3363807e+00   1.0000000e+00
  -2.4448260e+00   2.7430452e+00   1.0000000e+00
   1.0059178e+00   6.2895536e+00   1.0000000e+00
  -3.2862011e+00   2.8082609e+00   1.0000000e+00
   6.4751820e+00   3.9926143e+00   1.0000000e+00
   2.7319581e+00   6.5824309e+00   1.0000000e+00
   9.2519234e-01   7.5160437e+00   1.0000000e+00
  -5.3994785e+00   4.4779492e+00   1.0000000e+00
   1.0826140e+00   7.5016664e+00   1.0000000e+00
   2.7242094e+00   7.8654384e+00   1.0000000e+00
   5.1459211e-01   3.9948004e+00   1.0000000e+00
   5.8695149e+00   1.8919710e+00   1.0000000e+00
   6.0900775e-01   6.6865461e+00   1.0000000e+00
  -1.9711278e+00   5.0467384e+00   1.0000000e+00
  -8.4012822e-01   5.6248572e+00   1.0000000e+00
   2.8533955e-01   5.0269421e+00   1.0000000e+00
   5.9822218e+00   3.5513172e+00   1.0000000e+00
   4.4467890e+00   4.2299091e+00   1.0000000e+00
  -2.5555159e+00   3.7277569e+00   1.0000000e+00
  -4.5070510e+00   4.5929413e+00   1.0000000e+00
   3.1545365e+00   1.2562556e+00   1.0000000e+00
   6.8639092e-01   6.9195275e+00   1.0000000e+00
   5.3171764e+00   2.4075788e+00   1.0000000e+00
   4.2619004e+00   3.1263053e+00   1.0000000e+00
   2.5548187e+00   3.6320352e+00   1.0000000e+00
  -6.9157337e-02   5.8663174e+00   1.0000000e+00
   6.7721493e+00   1.0171248e+00   1.0000000e+00
   7.6859382e+00   2.4619881e-01   1.0000000e+00
  -6.7532636e+00   3.8409046e+00   1.0000000e+00
   2.3950379e+00   4.3581429e+00   1.0000000e+00
   5.7458037e+00   2.0005870e-01   1.0000000e+00
  -4.9770039e+00   3.9781900e+00   1.0000000e+00
  -3.7838071e+00   3.7427921e+00   1.0000000e+00
   5.2357759e+00   1.3011364e+00   1.0000000e+00
   3.8279404e+00   3.6480291e+00   1.0000000e+00
  -1.7976117e+00   3.1688443e+00   1.0000000e+00
   5.4317771e+00   1.3780028e+00   1.0000000e+00
   3.6863638e+00   2.1580584e+00   1.0000000e+00
   1.0330558e-01   6.3220131e+00   1.0000000e+00
  -4.1508302e+00   1.9734232e+00   1.0000000e+00
  -3.4994529e+00   2.8657925e+00   1.0000000e+00
   4.9023309e+00   3.6752443e+00   1.0000000e+00
  -3.6231230e+00   3.9021130e+00   1.0000000e+00
   1.3424124e-03   6.3107902e+00   1.0000000e+00
  -2.5409737e+00   4.7424891e+00   1.0000000e+00
   5.4498641e+00   3.6325369e+00   1.0000000e+00
   2.0789492e+00   5.4918956e+00   1.0000000e+00
  -6.6053992e-02   5.4365697e+00   1.0000000e+00
   3.3325638e+00   5.4427657e+00   1.0000000e+00
  -2.6010257e+00   9.9767755e+00   1.0000000e+00
   2.6828978e+00   5.1886807e+00   1.0000000e+00
   4.6334583e+00   2.8555466e-02   1.0000000e+00
  -2.8191584e+00   1.8001916e+00   1.0000000e+00
  -6.1228888e+00   4.9265217e+00   1.0000000e+00
   6.4324594e+00   5.5099045e+00   1.0000000e+00
  -1.1695322e+00   7.2873166e+00   1.0000000e+00
   4.2652859e-01   5.3551161e+00   1.0000000e+00
  -4.3044440e+00   2.8749067e+00   1.0000000e+00
   8.1783407e+00   5.1823862e-01   1.0000000e+00
  -3.4417624e+00   2.0446183e+00   1.0000000e+00
  -5.5743538e+00   6.0343572e+00   1.0000000e+00
  -5.2178023e+00   3.7723336e+00   1.0000000e+00
  -6.4081795e-01   5.0721920e+00   1.0000000e+00
   1.9742114e+00   3.6452704e+00   1.0000000e+00
  -4.0698407e+00   4.4538142e+00   1.0000000e+00
  -5.6214200e+00   2.3917861e+00   1.0000000e+00
   6.8942877e+00   2.5454484e+00   1.0000000e+00
  -3.3172013e+00   3.9886582e+00   1.0000000e+00
  -2.3113196e+00   4.9094086e+00   1.0000000e+00
  -9.1233465e-01   3.0100636e+00   1.0000000e+00
   1.4183145e+00   5.5054034e+00   1.0000000e+00
  -4.2368863e+00   2.9374206e+00   1.0000000e+00
   2.4770838e+00   4.9017867e+00   1.0000000e+00
   4.9275812e+00   1.1373122e+00   1.0000000e+00
  -2.0384161e+00   4.6498469e+00   1.0000000e+00
   4.7302228e+00   3.9237928e+00   1.0000000e+00
   5.8019893e+00   2.4569029e+00   1.0000000e+00
  -2.1101143e+00   5.5010879e+00   1.0000000e+00
   1.4431419e+00   5.8828140e+00   1.0000000e+00
   3.1272365e+00   3.9686634e+00   1.0000000e+00
   3.8271152e+00   4.6638508e+00   1.0000000e+00
  -2.0035331e+00   4.8091301e+00   1.0000000e+00
   5.8809279e+00   5.9681809e+00   1.0000000e+00
  -4.7631501e+00   5.2877651e+00   1.0000000e+00
  -5.7674045e+00   3.1409141e+00   1.0000000e+00
  -1.0600385e-01   5.1597047e+00   1.0000000e+00
  -2.1940312e+00   6.5617958e+00   1.0000000e+00
   5.6582533e+00   4.2376877e+00   1.0000000e+00
  -2.6597725e+00   4.8903947e+00   1.0000000e+00
   5.0190477e+00   2.8847558e+00   1.0000000e+00
   6.1004235e+00   4.5142512e+00   1.0000000e+00
   4.4589716e+00   2.6011515e+00   1.0000000e+00
   4.7113477e+00   2.0296977e+00   1.0000000e+00
  -5.5378612e+00   1.9193232e+00   1.0000000e+00
  -8.6676917e-01   5.9594271e+00   1.0000000e+00
   1.5818421e+00   5.9997137e+00   1.0000000e+00
  -5.1950348e+00   4.0096934e+00   1.0000000e+00
  -3.5922912e-01   7.7515759e+00   1.0000000e+00
   5.5747128e+00   5.2623244e+00   1.0000000e+00
   5.8852490e+00   1.0729074e-02   1.0000000e+00
  -1.8777990e+00   5.9474952e+00   1.0000000e+00
   1.6638606e+00   3.7575416e+00   1.0000000e+00
   5.5737013e+00   7.3280936e-01   1.0000000e+00
   2.5444864e-01   4.6522181e+00   1.0000000e+00
   6.0200117e+00   1.4581947e+00   1.0000000e+00
  -4.8344587e+00   4.7643187e+00   1.0000000e+00
   5.2029066e+00   3.6213796e+00   1.0000000e+00
  -4.5857422e+00   3.5573438e+00   1.0000000e+00
   3.0845991e+00   4.6041572e+00   1.0000000e+00
   5.0789481e+00   1.9612435e+00   1.0000000e+00
  -5.2083003e+00   2.4745657e+00   1.0000000e+00
   4.0384212e-01   3.9434923e+00   1.0000000e+00
   8.5422164e+00   1.0700361e+00   1.0000000e+00
   3.4611690e+00   4.8608408e+00   1.0000000e+00
  -2.6624908e+00   1.9938578e+00   1.0000000e+00
   5.2516230e+00   3.1285939e+00   1.0000000e+00
  -3.5408254e+00   2.7755042e+00   1.0000000e+00
   8.1955081e-01   4.4414940e+00   1.0000000e+00
  -6.0130446e-01   5.9067289e+00   1.0000000e+00
   1.1999463e+00   4.2298018e+00   1.0000000e+00
  -2.4492422e+00   5.0686734e+00   1.0000000e+00
   3.2724223e+00   5.1660474e+00   1.0000000e+00
   6.1761335e+00   9.1981462e-01   1.0000000e+00
   3.8599782e+00   4.3811460e+00   1.0000000e+00
   2.5530920e+00   4.8610736e+00   1.0000000e+00
  -2.6137791e+00   7.6894171e+00   1.0000000e+00
   2.7610648e+00   4.2635591e+00   1.0000000e+00
   1.7392604e+00  -1.6342196e+00   2.0000000e+00
  -1.4845531e+00  -2.9420709e+00   2.0000000e+00
   2.2289202e+00  -1.0768566e+00   2.0000000e+00
   2.9503231e+00  -1.1479725e+00   2.0000000e+00
   2.7963982e+00  -1.3816066e+00   2.0000000e+00
  -3.4529347e+00  -1.2000342e+00   2.0000000e+00
  -1.5223301e+00  -1.6065141e+00   2.0000000e+00
   2.1304395e+00  -2.8765500e+00   2.0000000e+00
   3.0589399e+00  -3.3305702e-01   2.0000000e+00
   2.7197791e+00  -9.4357680e-01   2.0000000e+00
  -6.6259865e-02  -2.9139347e+00   2.0000000e+00
  -2.2805567e+00  -4.2378785e-01   2.0000000e+00
  -1.4029387e+00  -3.1867513e+00   2.0000000e+00
   6.0377096e-01  -2.8578952e+00   2.0000000e+00
  -1.6974908e+00  -1.8423701e+00   2.0000000e+00
   8.2441093e-01  -2.3172042e+00   2.0000000e+00
  -2.9251393e+00  -1.8650503e+00   2.0000000e+00
   2.3075915e+00  -1.9501237e+00   2.0000000e+00
   1.4017416e+00  -2.6101930e+00   2.0000000e+00
  -7.0305770e-01  -3.8759589e+00   2.0000000e+00
   3.4765632e+00  -3.4385507e-01   2.0000000e+00
   1.6771196e+00  -2.7750051e+00   2.0000000e+00
  -1.9438932e+00  -1.6579484e+00   2.0000000e+00
  -2.4825027e+00  -1.8089050e+00   2.0000000e+00
  -2.8126942e+00  -7.5206776e-01   2.0000000e+00
   2.5166800e+00  -1.7508542e+00   2.0000000e+00
   1.7311794e+00  -2.6377250e+00   2.0000000e+00
  -7.9505257e-01  -3.2457785e+00   2.0000000e+00
   5.0765084e-02  -2.2955597e+00   2.0000000e+00
   4.6295452e-01  -2.7428661e+00   2.0000000e+00
   8.3976814e-02  -2.3494613e+00   2.0000000e+00
   2.7280696e+00  -3.5682031e-01   2.0000000e+00
   6.8123686e-01  -2.3546499e+00   2.0000000e+00
   2.9941723e+00  -1.3720585e+00   2.0000000e+00
  -2.5734314e+00  -7.0050617e-01   2.0000000e+00
   6.1117317e-01  -2.1228896e+00   2.0000000e+00
   3.1036705e+00  -3.7810939e-01   2.0000000e+00
  -4.6799267e-01  -2.3822577e+00   2.0000000e+00
  -5.8194670e-01  -2.5371519e+00   2.0000000e+00
  -2.6867093e+00  -1.3224336e-01   2.0000000e+00
  -2.8798049e+00  -5.4041932e-01   2.0000000e+00
   3.8484707e+00  -5.1319150e-01   2.0000000e+00
   2.9853830e+00  -3.9762571e-03   2.0000000e+00
   2.3267758e+00  -1.9774349e+00   2.0000000e+00
  -3.6059665e+00  -8.0570120e-01   2.0000000e+00
   3.3636787e+00  -1.9955192e+00   2.0000000e+00
   1.1904294e+00  -3.4544844e+00   2.0000000e+00
  -1.6984790e+00  -1.9154284e+00   2.0000000e+00
   1.0225772e+00  -2.5368487e+00   2.0000000e+00
  -3.1475575e+00  -3.6996878e-01   2.0000000e+00
   8.0224779e-01  -2.0373143e+00   2.0000000e+00
  -2.1536562e+00  -1.8754409e+00   2.0000000e+00
  -5.2103890e-01  -3.7002969e+00   2.0000000e+00
   1.8679836e+00  -2.8157403e+00   2.0000000e+00
  -2.2245537e+00  -1.4056560e-01   2.0000000e+00
  -1.7630776e+00  -1.8973501e+00   2.0000000e+00
  -1.7539050e+00  -2.3104915e+00   2.0000000e+00
   2.2112546e+00  -3.0411007e+00   2.0000000e+00
  -1.2707645e+00  -3.1968678e+00   2.0000000e+00
   2.4552471e+00  -1.4070663e+00   2.0000000e+00
   2.0957733e+00  -2.1125175e+00   2.0000000e+00
  -1.9090680e+00  -1.8562807e+00   2.0000000e+00
   8.3235996e-01  -2.6447646e+00   2.0000000e+00
   2.6495366e+00  -3.2325824e-02   2.0000000e+00
   3.1074579e+00  -7.9439518e-01   2.0000000e+00
  -1.8674428e+00  -3.4596895e+00   2.0000000e+00
   1.6773117e+00  -1.9920029e+00   2.0000000e+00
  -3.0082525e+00  -1.1729026e+00   2.0000000e+00
   1.3921131e+00  -2.3810603e+00   2.0000000e+00
  -1.4783483e+00  -2.5088213e+00   2.0000000e+00
  -2.8997629e+00  -2.4825205e+00   2.0000000e+00
  -2.8467781e+00  -7.7515680e-01   2.0000000e+00
   1.7130680e+00  -2.5111677e+00   2.0000000e+00
   9.1452293e-01  -1.9182215e+00   2.0000000e+00
   3.9669551e-01  -3.2272043e+00   2.0000000e+00
   1.5860843e+00  -2.3892569e+00   2.0000000e+00
  -2.5763238e+00  -1.2205058e+00   2.0000000e+00
   2.5656178e+00  -1.7372120e+00   2.0000000e+00
  -2.1075897e+00  -1.3203403e+00   2.0000000e+00
  -3.3507963e+00  -1.3262591e+00   2.0000000e+00
  -1.0428351e+00  -2.4113482e+00   2.0000000e+00
   3.5580617e-01  -2.9855932e+00   2.0000000e+00
   2.3593060e+00  -1.3979491e+00   2.0000000e+00
   2.0359160e+00  -2.2440345e+00   2.0000000e+00
  -3.0366971e+00  -1.7953333e+00   2.0000000e+00
   2.0218309e+00  -2.2928593e+00   2.0000000e+00
  -1.2512721e+00  -3.0448980e+00   2.0000000e+00
   2.3901670e+00  -5.6854378e-01   2.0000000e+00
   1.4293081e+00  -3.3507154e+00   2.0000000e+00
  -3.2352898e-01  -3.2326559e+00   2.0000000e+00
  -2.9123871e+00  -1.8987978e+00   2.0000000e+00
   1.7195208e+00  -3.7140673e+00   2.0000000e+00
  -2.7993131e+00  -7.2275324e-01   2.0000000e+00
   2.7589742e+00  -4.9227678e-01   2.0000000e+00
   2.3608856e+00  -1.5875484e+00   2.0000000e+00
   2.3863568e+00  -1.3721091e+00   2.0000000e+00
  -2.2638980e+00  -2.5921842e+00   2.0000000e+00
   2.0756660e+00  -1.4778543e+00   2.0000000e+00
  -1.4475365e+00  -2.3249244e+00   2.0000000e+00
  -5.3575632e-01  -2.4724316e+00   2.0000000e+00
  -2.0196457e+00  -1.1010947e+00   2.0000000e+00
   4.0556802e+00  -3.3433592e-01   2.0000000e+00
   2.1340005e+00  -7.2738412e-01   2.0000000e+00
   2.2974460e+00  -1.6187656e+00   2.0000000e+00
  -1.4961473e-01  -3.0866507e+00   2.0000000e+00
  -3.4028239e-02  -3.4191532e+00   2.0000000e+00
   2.1169603e+00  -2.1081787e+00   2.0000000e+00
  -1.3449322e+00  -2.6254897e+00   2.0000000e+00
  -1.8390163e+00  -6.4761116e-01   2.0000000e+00
   1.0619478e+00  -2.6987819e+00   2.0000000e+00
   1.3537404e+00  -1.9757864e+00   2.0000000e+00
   2.7701805e+00  -1.8634481e+00   2.0000000e+00
   3.4070079e-01  -3.0254951e+00   2.0000000e+00
  -1.4172882e+00  -2.8554727e+00   2.0000000e+00
   7.0999888e-01  -2.4027550e+00   2.0000000e+00
   1.1627878e+00  -2.6509165e+00   2.0000000e+00
   2.1947971e+00  -1.0154836e+00   2.0000000e+00
  -5.2206366e-01  -2.8645717e+00   2.0000000e+00
  -2.8330454e+00  -2.7473615e-01   2.0000000e+00
  -1.3442963e+00  -2.9101626e+00   2.0000000e+00
   2.5299275e+00  -1.1454896e+00   2.0000000e+00
   2.5684282e+00  -8.8721367e-01   2.0000000e+00
  -3.8638979e-01  -2.5007886e+00   2.0000000e+00
  -3.4568987e+00  -3.2950099e-01   2.0000000e+00
   2.9107314e-01  -3.3668964e+00   2.0000000e+00
  -5.4321342e-01  -3.2067569e+00   2.0000000e+00
  -1.5552239e+00  -3.2532001e+00   2.0000000e+00
   1.9477903e+00  -6.4779350e-01   2.0000000e+00
  -2.2704033e+00  -6.4497726e-01   2.0000000e+00
   7.5411527e-01  -3.4479161e+00   2.0000000e+00
   2.5515557e+00  -7.4244382e-01   2.0000000e+00
   6.2970439e-01  -1.3611514e+00   2.0000000e+00
   2.1160913e+00  -6.0912283e-01   2.0000000e+00
   2.7808933e+00  -1.3189992e-01   2.0000000e+00
  -2.9883857e+00  -1.3806112e+00   2.0000000e+00
  -2.2012754e+00  -1.8243201e+00   2.0000000e+00
   3.0753161e+00  -7.9281543e-01   2.0000000e+00
  -1.5768103e+00  -1.5881508e+00   2.0000000e+00
   1.8150846e+00  -2.8266511e+00   2.0000000e+00
   2.7838564e-01  -3.4091039e+00   2.0000000e+00
  -9.5062799e-01  -3.3004803e+00   2.0000000e+00
  -2.4926928e+00  -9.4245283e-01   2.0000000e+00
   2.2126486e+00  -1.1045862e+00   2.0000000e+00
  -3.2802917e+00  -1.7642110e+00   2.0000000e+00
  -9.0814388e-01  -2.2010075e+00   2.0000000e+00
   3.1771526e+00  -1.0278876e-01   2.0000000e+00
   2.5138544e+00  -5.2788558e-02   2.0000000e+00
  -2.4150246e+00  -2.4164117e+00   2.0000000e+00
   2.5783732e+00  -5.2149455e-01   2.0000000e+00
  -2.7554735e+00  -2.2487596e+00   2.0000000e+00
  -2.6647455e+00  -1.5784427e+00   2.0000000e+00
  -5.8810009e-01  -2.6953021e+00   2.0000000e+00
  -1.9951202e+00  -5.1517773e-01   2.0000000e+00
  -2.9516124e+00  -2.6764657e+00   2.0000000e+00
  -2.7017123e+00  -7.3321428e-01   2.0000000e+00
   2.1990366e+00  -2.2560332e+00   2.0000000e+00
   2.1635773e+00  -1.3068368e+00   2.0000000e+00
  -3.4297835e-02  -2.5911636e+00   2.0000000e+00
   2.7560942e+00  -3.9269246e-01   2.0000000e+00
   2.9231797e+00  -9.0224096e-01   2.0000000e+00
  -2.9342255e+00  -9.2276821e-01   2.0000000e+00
  -1.2244893e+00  -3.2130067e+00   2.0000000e+00
  -7.1681447e-01  -2.2923937e+00   2.0000000e+00
   3.2143084e+00  -1.5897442e+00   2.0000000e+00
   2.2256210e+00  -6.0943147e-01   2.0000000e+00
  -1.7856330e+00  -1.6750607e+00   2.0000000e+00
  -1.8273840e+00  -2.6155039e+00   2.0000000e+00
  -2.7607805e+00  -4.6393354e-01   2.0000000e+00
  -2.6162752e+00  -3.1531177e-02   2.0000000e+00
   2.5380474e+00  -5.1098854e-02   2.0000000e+00
  -2.5828119e+00  -1.5442748e+00   2.0000000e+00
   1.2919050e+00  -3.3613012e+00   2.0000000e+00
  -1.8126577e+00  -1.4706470e+00   2.0000000e+00
   1.8392925e-01  -3.0860296e+00   2.0000000e+00
  -3.2197367e+00  -1.8637067e+00   2.0000000e+00
  -2.5939162e+00  -2.0350587e+00   2.0000000e+00
   1.9323590e+00  -1.1060389e+00   2.0000000e+00
  -3.6216440e-01  -2.1593987e+00   2.0000000e+00
  -2.5962232e+00  -1.1855760e+00   2.0000000e+00
  -3.5793610e+00  -5.7767159e-02   2.0000000e+00
  -2.9982748e+00  -1.5545215e+00   2.0000000e+00
   2.3510710e+00  -2.4124950e+00   2.0000000e+00
  -1.1971718e+00  -1.6265054e+00   2.0000000e+00
   1.8263776e-01  -3.2932546e+00   2.0000000e+00
  -1.4398653e+00  -2.3141684e+00   2.0000000e+00
  -1.3849224e+00  -3.2371963e+00   2.0000000e+00
  -2.7730434e+00  -1.8038085e+00   2.0000000e+00
   1.5173889e+00  -1.7780522e+00   2.0000000e+00
  -1.8754447e+00  -2.5173651e+00   2.0000000e+00
  -1.1760762e+00  -3.1122662e+00   2.0000000e+00
  -1.2666438e+00  -3.0353714e+00   2.0000000e+00
  -2.3830594e+00  -2.6069423e+00   2.0000000e+00
  -3.0226758e-01  -2.7884021e+00   2.0000000e+00
  -1.0783810e+00  -2.5573564e+00   2.0000000e+00
   1.1529688e+00  -2.4206524e+00   2.0000000e+00
   1.5536408e+00  -1.1779175e+00   2.0000000e+00
   1.8684413e+00  -2.4417765e+00   2.0000000e+00
  -2.9097705e+00  -5.7557422e-01   2.0000000e+00
  -2.4538922e+00  -1.2695531e+00   2.0000000e+00
   6.3518981e-01  -2.4467493e+00   2.0000000e+00
   2.6518234e+00  -2.4995295e+00   2.0000000e+00
   2.5601279e+00  -1.9118774e+00   2.0000000e+00
  -1.9986280e+00  -3.0498330e+00   2.0000000e+00
   2.2195493e+00  -2.5677715e+00   2.0000000e+00
   3.1898198e+00  -2.4057522e-01   2.0000000e+00
   9.5793797e-01  -3.6291463e+00   2.0000000e+00
   3.1066913e+00  -1.5480329e+00   2.0000000e+00
   1.2830470e+00  -2.6299030e+00   2.0000000e+00
  -2.4294168e+00  -1.5795246e+00   2.0000000e+00
  -2.7680198e+00  -2.3912099e+00   2.0000000e+00
   2.9543958e+00  -6.1781343e-01   2.0000000e+00
  -1.1976476e+00  -3.0820506e+00   2.0000000e+00
   2.4194488e+00  -4.1883967e-01   2.0000000e+00
   2.0790174e+00  -1.9055011e+00   2.0000000e+00
   6.9022535e-02  -3.4597702e+00   2.0000000e+00
   2.2541657e+00  -2.0068368e+00   2.0000000e+00
   1.5638851e+00  -2.4945244e+00   2.0000000e+00
   5.4120704e-01  -3.6987442e+00   2.0000000e+00
   1.5874202e+00  -8.7768428e-01   2.0000000e+00
  -6.1970788e-01  -3.5587659e+00   2.0000000e+00
   5.3329155e-01  -3.0408013e+00   2.0000000e+00
  -7.0389147e-01  -2.7381259e+00   2.0000000e+00
   2.7772062e+00  -2.6562843e+00   2.0000000e+00
   1.3073346e+00  -2.9993239e+00   2.0000000e+00
  -2.5823915e+00  -1.5761190e+00   2.0000000e+00
  -1.6227279e+00  -1.8769500e+00   2.0000000e+00
   2.0295365e+00  -8.3579709e-01   2.0000000e+00
  -9.9235914e-01  -3.1401417e+00   2.0000000e+00
   3.0647983e+00  -2.4591196e+00   2.0000000e+00
   5.0235521e-01  -3.2420284e+00   2.0000000e+00
   2.6360673e+00  -1.8061880e+00   2.0000000e+00
   1.2031949e+00  -3.0498762e+00   2.0000000e+00
  -1.9229738e+00  -1.4328847e+00   2.0000000e+00
   1.0667155e-01  -2.0710427e+00   2.0000000e+00
   2.7860208e+00  -8.0354278e-01   2.0000000e+00
  -5.5941808e-01  -3.5920528e+00   2.0000000e+00
  -1.0935045e+00  -2.6193776e+00   2.0000000e+00
  -2.1068620e-02  -3.1171074e+00   2.0000000e+00
  -1.6730814e+00  -1.1054458e+00   2.0000000e+00
  -2.6266229e+00  -2.5985204e+00   2.0000000e+00
  -2.1295216e+00  -2.6328642e+00   2.0000000e+00
  -6.7385288e-01  -2.8766220e+00   2.0000000e+00
   2.6701676e+00  -2.1780420e-01   2.0000000e+00
  -2.7625231e+00  -7.4489015e-01   2.0000000e+00
  -1.1776564e+00  -1.6547365e+00   2.0000000e+00
  -2.8847577e+00  -1.2367496e-02   2.0000000e+00
   2.0073518e-01  -3.9311713e+00   2.0000000e+00
  -2.7441712e+00  -2.2754671e+00   2.0000000e+00
  -2.8705045e+00  -1.2005949e+00   2.0000000e+00
   1.9524862e+00  -1.2019187e+00   2.0000000e+00
  -2.1129201e+00  -3.2419942e+00   2.0000000e+00
   3.0393348e+00  -9.5152559e-02   2.0000000e+00
  -1.9141222e+00  -2.6423116e+00   2.0000000e+00
   1.3616707e+00  -2.1645233e+00   2.0000000e+00
  -4.1058936e-01  -3.9814721e+00   2.0000000e+00
   7.7850120e-01  -2.8041009e+00   2.0000000e+00
   2.0324727e+00  -2.3831227e+00   2.0000000e+00
  -2.3436296e+00  -3.8104350e-01   2.0000000e+00
   1.2069659e+00  -3.5890471e+00   2.0000000e+00
   1.9556256e+00  -2.3724778e+00   2.0000000e+00
  -1.9359590e+00  -1.9683879e+00   2.0000000e+00
   6.2776492e-01  -2.0150374e+00   2.0000000e+00
  -2.5767377e+00  -4.1688273e-01   2.0000000e+00
   2.8424529e+00  -1.8588677e+00   2.0000000e+00
  -6.8570526e-01  -3.6823663e+00   2.0000000e+00
   2.5984450e+00  -2.8375000e+00   2.0000000e+00
   1.4626188e+00  -2.8921295e+00   2.0000000e+00
  -2.0833454e+00  -2.8049752e+00   2.0000000e+00
   2.8735068e+00  -2.1812529e+00   2.0000000e+00
   2.5542521e+00  -4.4368773e-01   2.0000000e+00
  -2.1524203e+00  -1.4394059e+00   2.0000000e+00
  -1.4137964e+00  -2.5327328e+00   2.0000000e+00
   1.3575362e+00  -1.8809633e+00   2.0000000e+00
  -1.7744362e+00  -3.8963447e+00   2.0000000e+00
  -5.6506438e-01  -2.8190527e+00   2.0000000e+00
   1.9015097e+00  -2.5717044e+00   2.0000000e+00
   3.3216768e+00  -4.3216927e-01   2.0000000e+00
   2.5015966e+00  -2.3664481e+00   2.0000000e+00
   3.0798649e+00  -1.7492190e+00   2.0000000e+00
   6.0531567e-01  -2.7294266e+00   2.0000000e+00
  -1.0301809e+00  -1.6763568e+00   2.0000000e+00
  -2.8833353e+00  -1.8913175e+00   2.0000000e+00
  -2.0892448e+00  -4.1787113e-01   2.0000000e+00
   2.5093633e+00  -3.0125497e-01   2.0000000e+00
   1.5120417e+00  -2.9755951e+00   2.0000000e+00
   1.9780543e+00  -1.2814448e+00   2.0000000e+00
  -1.5647390e+00  -1.3290772e+00   2.0000000e+00
   1.7940587e+00  -2.3827996e+00   2.0000000e+00
  -2.5246493e+00  -2.7942788e+00   2.0000000e+00
   2.6298175e+00  -2.5493031e-02   2.0000000e+00
  -2.1437267e+00  -1.7143194e+00   2.0000000e+00
   2.0629019e+00  -2.5865841e+00   2.0000000e+00
   2.8610463e+00  -2.4198368e+00   2.0000000e+00
  -3.3682290e+00  -9.3073807e-01   2.0000000e+00
   2.6990416e+00  -4.6328811e-01   2.0000000e+00
   1.3915438e-01  -3.2108634e+00   2.0000000e+00
   2.9255374e+00  -5.1694228e-01   2.0000000e+00
  -2.4862554e+00  -2.9146433e+00   2.0000000e+00
   2.0428318e+00  -2.8572303e+00   2.0000000e+00
   3.0218994e-01  -2.8942357e+00   2.0000000e+00
   1.3298323e+00  -2.9296937e+00   2.0000000e+00
  -2.8043550e+00  -2.0043738e+00   2.0000000e+00
  -2.7093785e-01  -3.0808424e+00   2.0000000e+00
   1.5217229e+00  -2.2996531e+00   2.0000000e+00
   2.8451349e+00  -6.3805472e-01   2.0000000e+00
  -2.5093855e+00  -1.9723925e+00   2.0000000e+00
   1.1600512e+00  -2.2504408e+00   2.0000000e+00
  -2.5949960e-01  -2.6025885e+00   2.0000000e+00
   5.5697712e-02  -2.9702495e+00   2.0000000e+00
   3.4235918e+00  -7.6342610e-01   2.0000000e+00
   1.3667530e+00  -1.6375780e+00   2.0000000e+00
  -1.1622733e+00  -2.9558592e+00   2.0000000e+00
   3.0988479e+00  -1.1690397e+00   2.0000000e+00
  -2.5955987e-01  -2.7376904e+00   2.0000000e+00
  -1.6446132e+00  -2.0203799e+00   2.0000000e+00
   2.3969968e+00  -1.5914456e+00   2.0000000e+00
  -2.1080919e+00  -1.9951794e+00   2.0000000e+00
  -3.7562614e+00  -2.2905842e-01   2.0000000e+00
   1.3982186e+00  -2.2743565e+00   2.0000000e+00
   2.0671956e+00  -1.0134268e+00   2.0000000e+00
   2.6503588e+00  -2.0463263e+00   2.0000000e+00
   3.2904633e-01  -1.7269933e+00   2.0000000e+00
   2.0258374e+00  -2.3179395e+00   2.0000000e+00
  -3.3422801e+00  -2.0249691e+00   2.0000000e+00
  -2.2823885e+00  -4.6578271e-01   2.0000000e+00
  -2.7315620e+00  -1.8267251e+00   2.0000000e+00
  -3.6989722e+00  -4.9726802e-01   2.0000000e+00
   2.1949973e+00  -1.9685292e+00   2.0000000e+00
   3.7849667e-01  -3.3580084e+00   2.0000000e+00
  -3.2622649e+00  -6.2232773e-01   2.0000000e+00
   3.4574042e+00  -1.7364320e+00   2.0000000e+00
  -3.0508255e+00  -1.0421064e+00   2.0000000e+00
   8.4639292e-01  -2.7980640e+00   2.0000000e+00
  -2.7322368e+00  -2.0924315e+00   2.0000000e+00
   2.5239815e+00  -1.0922135e+00   2.0000000e+00
   2.5533789e+00  -5.4848501e-01   2.0000000e+00
   2.0869848e+00  -1.9102528e+00   2.0000000e+00
  -4.5703396e-01  -2.0636211e+00   2.0000000e+00
  -2.0526080e+00  -1.7131622e+00   2.0000000e+00
  -4.6681550e-01  -2.6074341e+00   2.0000000e+00
   1.5175985e+00  -1.8935953e+00   2.0000000e+00
   2.6578934e+00  -6.6464968e-01   2.0000000e+00
   3.8350836e+00  -1.5423056e-01   2.0000000e+00
  -2.7460617e+00  -2.2547316e-01   2.0000000e+00
   4.0558802e-01  -1.7738252e+00   2.0000000e+00
   2.6038689e+00  -1.4297251e+00   2.0000000e+00
   2.4488874e+00  -1.4180611e+00   2.0000000e+00
   2.8179796e+00  -1.4988610e+00   2.0000000e+00
   1.6829349e+00  -1.5793539e+00   2.0000000e+00
   1.9906604e+00  -2.0938622e+00   2.0000000e+00
  -1.6347865e+00  -2.0220737e+00   2.0000000e+00
  -2.2463610e+00  -2.3235515e+00   2.0000000e+00
   4.4828542e-01  -2.4773501e+00   2.0000000e+00
   1.1267350e+00  -2.6057055e+00   2.0000000e+00
  -5.7611933e-01  -2.8263608e+00   2.0000000e+00
  -1.9918452e+00  -8.4046877e-01   2.0000000e+00
  -1.5769620e+00  -2.4270527e+00   2.0000000e+00
  -4.2689085e-01  -3.6801549e+00   2.0000000e+00
  -2.5605287e+00  -1.0024444e+00   2.0000000e+00
   2.4383876e+00  -2.4279006e+00   2.0000000e+00
   2.6512750e+00  -2.1662923e+00   2.0000000e+00
   3.0369137e+00  -1.6836613e+00   2.0000000e+00
   3.3681188e+00  -8.5052341e-03   2.0000000e+00
   2.9221334e+00  -1.8635582e+00   2.0000000e+00
   2.3679413e+00  -3.0669861e-01   2.0000000e+00
  -3.1333334e+00  -1.7663669e+00   2.0000000e+00
  -1.6333760e+00  -1.2917071e+00   2.0000000e+00
  -1.4293862e+00  -3.0881465e+00   2.0000000e+00
   3.2176843e+00  -6.5344984e-01   2.0000000e+00
   3.1808201e+00  -4.1786753e-01   2.0000000e+00
   2.8986954e+00  -1.8273439e-01   2.0000000e+00
   9.7247142e-01  -2.1103519e+00   2.0000000e+00
  -1.4282616e+00  -2.0168483e+00   2.0000000e+00
   2.0756315e+00  -2.4835516e+00   2.0000000e+00
   3.5971781e+00  -1.6163200e-01   2.0000000e+00
   1.4059351e+00  -2.6897643e+00   2.0000000e+00
   2.9201742e+00  -1.6683757e+00   2.0000000e+00
   9.3007389e-01  -2.2428697e+00   2.0000000e+00
  -1.1259356e+00  -2.4528102e+00   2.0000000e+00
   2.2614406e+00  -2.1750094e+00   2.0000000e+00
  -2.6493408e+00  -2.5619575e+00   2.0000000e+00
  -3.8196373e+00  -1.3967252e-01   2.0000000e+00
  -1.7364056e+00  -3.1257577e+00   2.0000000e+00
  -2.5339453e+00  -3.5401656e-01   2.0000000e+00
  -1.7881947e+00  -6.8844466e-02   2.0000000e+00
  -2.6356402e+00  -1.9204057e+00   2.0000000e+00
  -1.4725072e+00  -2.0252051e+00   2.0000000e+00
  -2.2837100e+00  -1.6792135e-01   2.0000000e+00
  -1.9290316e+00  -5.4624158e-01   2.0000000e+00
   2.3525692e+00  -1.1036008e+00   2.0000000e+00
   1.7272677e+00  -2.6200512e+00   2.0000000e+00
   2.6213054e+00  -9.2978738e-01   2.0000000e+00
  -2.5510299e-01  -2.9556053e+00   2.0000000e+00
  -3.5340398e+00  -8.9475739e-02   2.0000000e+00
  -6.6197319e-01  -3.2971809e+00   2.0000000e+00
   2.7247733e+00  -2.0999758e+00   2.0000000e+00
   1.4286814e+00  -3.4304680e+00   2.0000000e+00
   2.9687598e+00  -1.7933513e+00   2.0000000e+00
  -3.4783484e+00  -6.7773042e-01   2.0000000e+00
  -3.4368701e+00  -1.0650002e+00   2.0000000e+00
  -1.2626329e+00  -2.9408046e+00   2.0000000e+00
   2.5468738e+00  -2.4222732e+00   2.0000000e+00
  -1.1163105e+00  -2.2834323e+00   2.0000000e+00
  -5.5428314e-01  -3.0047301e+00   2.0000000e+00
   1.9488507e-01  -3.2393043e+00   2.0000000e+00
  -1.5809105e+00  -2.6262862e+00   2.0000000e+00
   1.8248209e+00  -1.6607408e+00   2.0000000e+00
   1.7294397e+00  -2.8282967e+00   2.0000000e+00
  -3.2571678e+00  -1.3172323e+00   2.0000000e+00
  -6.7014244e-01  -3.6738726e+00   2.0000000e+00
  -2.3310741e+00  -8.1088888e-01   2.0000000e+00
   1.6674162e+00  -2.5586544e+00   2.0000000e+00
  -2.3645998e+00  -8.5074658e-01   2.0000000e+00
   2.5016787e+00  -2.5844256e+00   2.0000000e+00
   2.7076475e+00  -7.9198390e-01   2.0000000e+00
  -8.4076677e-01  -2.1870627e+00   2.0000000e+00
   3.1127145e+00  -1.0654979e+00   2.0000000e+00
  -1.7019744e+00  -1.5064920e+00   2.0000000e+00
   2.3399926e+00  -2.2492980e+00   2.0000000e+00
  -3.2544791e+00  -1.8401690e-01   2.0000000e+00
   7.0376772e-01  -3.3989665e+00   2.0000000e+00
   3.9445058e-01  -2.6005951e+00   2.0000000e+00
   1.4722763e+00  -2.5193567e+00   2.0000000e+00
  -3.7489019e+00  -1.2745092e+00   2.0000000e+00
   8.5246094e-01  -3.2177505e+00   2.0000000e+00
  -2.0335897e+00  -8.4646990e-01   2.0000000e+00
   2.4515578e+00  -2.5787724e+00   2.0000000e+00
  -7.1909077e-01  -2.4859523e+00   2.0000000e+00
   5.4201536e-01  -1.5230730e+00   2.0000000e+00
   2.5677032e+00  -1.0805103e+00   2.0000000e+00
   1.0153774e-02  -3.2786867e+00   2.0000000e+00
   3.6079132e-01  -3.6087846e+00   2.0000000e+00
   2.5077984e-01  -3.3104954e+00   2.0000000e+00
  -5.8266397e-01  -2.4617404e+00   2.0000000e+00
  -3.3628184e-01  -3.3230370e+00   2.0000000e+00
  -1.8655983e-01  -2.3049186e+00   2.0000000e+00
  -2.7953499e+00  -1.1798420e+00   2.0000000e+00
   2.9025966e+00  -2.2400387e+00   2.0000000e+00
  -2.8689597e+00  -1.1518466e+00   2.0000000e+00
  -2.8304053e+00  -1.2920570e+00   2.0000000e+00
   2.8014718e+00  -2.6269061e+00   2.0000000e+00
  -2.5341786e+00  -1.4659213e+00   2.0000000e+00
   3.0095026e-01  -3.4262026e+00   2.0000000e+00
   1.4489268e+00  -2.0625435e+00   2.0000000e+00
   2.5052465e+00  -1.0536952e+00   2.0000000e+00
   2.0297929e+00  -1.0538679e+00   2.0000000e+00
  -6.4171213e-01  -2.6108525e+00   2.0000000e+00
  -1.7963359e+00  -2.2065404e+00   2.0000000e+00
  -1.1702293e+00  -2.2963780e+00   2.0000000e+00
   2.6115564e+00  -8.7434027e-01   2.0000000e+00
   2.0935933e+00  -1.6012147e+00   2.0000000e+00
  -2.4750840e+00  -3.4189990e-01   2.0000000e+00
  -1.3673651e+00  -2.2430130e+00   2.0000000e+00
   8.2178413e-01  -2.4213007e+00   2.0000000e+00
   2.8530712e+00  -1.2207191e+00   2.0000000e+00
  -2.5710572e+00  -1.9422139e-01   2.0000000e+00
   1.7100227e+00  -2.7074312e+00   2.0000000e+00
  -1.1309606e+00  -2.7027777e+00   2.0000000e+00
  -3.0427464e+00  -1.3405628e+00   2.0000000e+00
   2.4129829e+00  -1.3699288e+00   2.0000000e+00
  -3.0287013e+00  -5.7540355e-01   2.0000000e+00
   6.6650533e-01  -3.1204996e+00   2.0000000e+00
   2.5589779e+00  -2.6679498e-02   2.0000000e+00
   1.9295333e+00  -1.5962746e+00   2.0000000e+00
   2.5813933e+00  -1.5392617e+00   2.0000000e+00
  -2.0513322e+00  -1.9187092e+00   2.0000000e+00
  -1.7992029e+00  -2.5069153e+00   2.0000000e+00
  -6.9224666e-01  -3.6164059e+00   2.0000000e+00
  -2.1071799e+00  -1.5375593e+00   2.0000000e+00
  -2.9056316e+00  -2.1586377e+00   2.0000000e+00
  -3.3328307e+00  -1.7271915e-01   2.0000000e+00
   6.1905468e-01  -2.4941390e+00   2.0000000e+00
  -3.2474211e+00  -1.8655442e+00   2.0000000e+00
   2.3378874e+00  -3.7201163e-01   2.0000000e+00
   2.6632849e+00  -6.2575340e-01   2.0000000e+00
   1.8025519e+00  -1.7585689e+00   2.0000000e+00
  -1.0725704e+00  -2.1434561e+00   2.0000000e+00
   1.9429562e-01  -4.2731021e+00   2.0000000e+00
  -1.9102376e+00  -2.0558216e+00   2.0000000e+00
   3.5328818e+00  -5.9293727e-01   2.0000000e+00
   1.7107826e-01  -2.9039113e+00   2.0000000e+00
   2.9957601e+00  -3.8132180e-01   2.0000000e+00
  -3.5183611e+00  -1.4408656e-01   2.0000000e+00
   2.5705685e+00  -1.1690730e+00   2.0000000e+00
  -3.2860460e+00  -2.8584206e-01   2.0000000e+00
  -2.9033509e+00  -1.3945226e+00   2.0000000e+00
  -1.9022831e+00  -1.8685718e+00   2.0000000e+00
  -2.9162331e+00  -4.5700609e-01   2.0000000e+00
   2.9469956e+00  -2.9042350e-01   2.0000000e+00
  -7.4049992e-01  -2.9170203e+00   2.0000000e+00
  -1.5946766e+00  -2.0288809e+00   2.0000000e+00
  -2.0098543e+00  -2.1639770e+00   2.0000000e+00
   2.2889902e+00  -2.0986385e+00   2.0000000e+00
  -9.2719607e-01  -2.7568597e+00   2.0000000e+00
   3.2014406e+00  -4.3402556e-02   2.0000000e+00
  -1.9997257e-01  -2.4225314e+00   2.0000000e+00
   1.5260351e+00  -2.6054727e+00   2.0000000e+00
  -3.2155985e+00  -4.2475057e-01   2.0000000e+00
  -2.8589487e+00  -3.2489155e-01   2.0000000e+00
  -1.0426333e+00  -2.8004111e+00   2.0000000e+00
