   1.7268120e+01   1.1155847e+01   1.0000000e+00
   1.6243595e+01   1.5760153e+01   1.0000000e+00
   1.6073688e+01   5.4654273e+00   1.0000000e+00
   1.7213994e+01   1.6956092e+01   1.0000000e+00
   1.6459318e+01   7.0302195e+00   1.0000000e+00
   1.6309196e+01   7.5022680e+00   1.0000000e+00
   1.6150046e+01   1.1106266e+01   1.0000000e+00
   1.5795037e+01   1.5263509e+01   1.0000000e+00
   1.4385106e+01   1.3210899e+01   1.0000000e+00
   1.3925910e+01   1.0466082e+01   1.0000000e+00
   1.7157602e+01   1.5172116e+01   1.0000000e+00
   1.7254914e+01   1.2311614e+01   1.0000000e+00
   1.6935797e+01   1.0545010e+01   1.0000000e+00
   1.6316475e+01   8.1614676e+00   1.0000000e+00
   1.4132347e+01   8.7485345e+00   1.0000000e+00
   1.6752754e+01   1.2872526e+01   1.0000000e+00
   1.6992427e+01   1.5117826e+01   1.0000000e+00
   1.5790510e+01   1.1954933e+01   1.0000000e+00
   1.7230774e+01   1.1954421e+01   1.0000000e+00
   1.5742941e+01   9.1308334e+00   1.0000000e+00
   1.7000048e+01   1.0750405e+01   1.0000000e+00
   1.4256136e+01   2.0050760e+01   1.0000000e+00
   1.5771488e+01   1.3842422e+01   1.0000000e+00
   1.6003447e+01   1.4073643e+01   1.0000000e+00
   1.5560099e+01   7.6738324e+00   1.0000000e+00
   1.4569122e+01   7.8309886e+00   1.0000000e+00
   1.6084398e+01   7.4027534e+00   1.0000000e+00
   1.6822640e+01   1.2250627e+01   1.0000000e+00
   1.5527309e+01   1.2920914e+01   1.0000000e+00
   1.6076371e+01   1.9449888e+01   1.0000000e+00
   1.6483742e+01   1.1660204e+01   1.0000000e+00
   1.5611448e+01   1.3123465e+01   1.0000000e+00
   1.4522710e+01   1.7839985e+01   1.0000000e+00
   1.7385509e+01   9.1539557e+00   1.0000000e+00
   1.6329141e+01   1.3798664e+01   1.0000000e+00
   1.6576663e+01   1.6902830e+01   1.0000000e+00
   1.4733591e+01   8.2977762e+00   1.0000000e+00
   1.5298072e+01   7.4144848e+00   1.0000000e+00
   1.6774563e+01   1.2563088e+01   1.0000000e+00
   1.4569349e+01   1.3079458e+01   1.0000000e+00
   1.4529742e+01   7.0940772e+00   1.0000000e+00
   1.4914590e+01   1.1108713e+01   1.0000000e+00
   1.7398083e+01   9.7422730e+00   1.0000000e+00
   1.5473582e+01   6.9065025e+00   1.0000000e+00
   1.7088379e+01   1.5338874e+01   1.0000000e+00
   1.5813618e+01   7.4936008e+00   1.0000000e+00
   1.6183467e+01   8.6440534e+00   1.0000000e+00
   1.7299120e+01   5.6159555e+00   1.0000000e+00
   1.5827692e+01   1.0778438e+01   1.0000000e+00
   1.4126346e+01   1.3117084e+01   1.0000000e+00
   1.5298910e+01   4.9600443e+00   1.0000000e+00
   1.6173912e+01   8.9314209e+00   1.0000000e+00
   1.6520564e+01   7.6539982e+00   1.0000000e+00
   1.5960109e+01   1.3663086e+01   1.0000000e+00
   1.5232142e+01   1.1502029e+01   1.0000000e+00
   1.5966588e+01   7.2169239e+00   1.0000000e+00
   1.5099238e+01   1.2531953e+01   1.0000000e+00
   1.4853533e+01   1.2001695e+01   1.0000000e+00
   1.4694276e+01   1.3270948e+01   1.0000000e+00
   1.6218615e+01   1.2519705e+01   1.0000000e+00
   1.5646324e+01   1.2955187e+01   1.0000000e+00
   1.5071064e+01   1.0257186e+01   1.0000000e+00
   1.6333578e+01   1.7048993e+01   1.0000000e+00
   1.3701862e+01   1.6498959e+01   1.0000000e+00
   1.4412353e+01   1.5560013e+01   1.0000000e+00
   1.6273408e+01   1.6520281e+01   1.0000000e+00
   1.5209443e+01   1.9720724e+01   1.0000000e+00
   1.5239578e+01   1.5952485e+01   1.0000000e+00
   1.7613343e+01   2.2755715e+01   1.0000000e+00
   1.4094895e+01   1.6835073e+01   1.0000000e+00
   1.6031038e+01   1.1657520e+01   1.0000000e+00
   1.6625592e+01   9.7793418e+00   1.0000000e+00
   1.4254403e+01   6.0939938e+00   1.0000000e+00
   1.6533499e+01   1.2866205e+01   1.0000000e+00
   1.6473861e+01   9.5190848e+00   1.0000000e+00
   1.5038463e+01   1.3847501e+01   1.0000000e+00
   1.5488248e+01   1.1818000e+01   1.0000000e+00
   1.5443717e+01   1.7676852e+01   1.0000000e+00
   1.5135414e+01   1.8788250e+01   1.0000000e+00
   1.7489692e+01   1.5845993e+01   1.0000000e+00
   1.5094197e+01   1.0791891e+01   1.0000000e+00
   1.5962083e+01   1.8960842e+01   1.0000000e+00
   1.5423005e+01   1.0276341e+01   1.0000000e+00
   1.7536852e+01   9.2138101e+00   1.0000000e+00
   1.6101489e+01   1.5627094e+01   1.0000000e+00
   1.7070406e+01   1.5074123e+01   1.0000000e+00
   1.5889491e+01   7.1450768e+00   1.0000000e+00
   1.6207111e+01   9.9344431e+00   1.0000000e+00
   1.5372231e+01   1.2688117e+01   1.0000000e+00
   1.6705247e+01   8.6263270e+00   1.0000000e+00
   1.7660496e+01   1.1108461e+01   1.0000000e+00
   1.4007870e+01   1.3362016e+01   1.0000000e+00
   1.6656727e+01   6.1192769e+00   1.0000000e+00
   1.6974182e+01   2.0847405e+01   1.0000000e+00
   1.6020002e+01   1.9036266e+01   1.0000000e+00
   1.5035316e+01   2.0300355e+01   1.0000000e+00
   1.5224169e+01   1.7338727e+01   1.0000000e+00
   1.7639123e+01   1.4747153e+01   1.0000000e+00
   1.5447912e+01   2.6360674e+00   1.0000000e+00
   1.6011731e+01   1.4704312e+01   1.0000000e+00
   1.7358641e+01   1.6496642e+01   1.0000000e+00
   1.7050860e+01   1.5802800e+01   1.0000000e+00
   1.5168534e+01   9.5585510e+00   1.0000000e+00
   1.5118005e+01   1.1642697e+01   1.0000000e+00
   1.3390932e+01   9.6348254e+00   1.0000000e+00
   1.6696216e+01   1.5188196e+01   1.0000000e+00
   1.4739942e+01   1.1022226e+01   1.0000000e+00
   1.6418358e+01   1.5961564e+01   1.0000000e+00
   1.4521124e+01   1.1817208e+01   1.0000000e+00
   1.6817200e+01   5.1803185e+00   1.0000000e+00
   1.6822879e+01   1.4114524e+01   1.0000000e+00
   1.5895835e+01   1.0403153e+01   1.0000000e+00
   1.5909908e+01   1.3648577e+01   1.0000000e+00
   1.6658892e+01   1.6366444e+01   1.0000000e+00
   1.8638874e+01   1.5296168e+01   1.0000000e+00
   1.3862253e+01   1.8491566e+01   1.0000000e+00
   1.5336386e+01   6.3460257e+00   1.0000000e+00
   1.5407176e+01   1.3201993e+01   1.0000000e+00
   1.6369684e+01   1.2258103e+01   1.0000000e+00
   1.6869866e+01   1.1009155e+01   1.0000000e+00
   1.4972988e+01   1.8043176e+01   1.0000000e+00
   1.6286848e+01   1.5645911e+01   1.0000000e+00
   1.6539931e+01   9.8089903e+00   1.0000000e+00
   1.5631011e+01   5.2578675e+00   1.0000000e+00
   1.4794845e+01   1.3146600e+01   1.0000000e+00
   1.5115768e+01   1.9162390e+01   1.0000000e+00
   1.4818267e+01   9.5526255e+00   1.0000000e+00
   1.6956805e+01   1.2905865e+01   1.0000000e+00
   1.6020273e+01   4.3406726e+00   1.0000000e+00
   1.8095079e+01   1.5347733e+01   1.0000000e+00
   1.6932288e+01   2.1466634e+01   1.0000000e+00
   1.4432500e+01   9.8179712e+00   1.0000000e+00
   1.4704984e+01   1.3244192e+01   1.0000000e+00
   1.6621431e+01   1.1663183e+01   1.0000000e+00
   1.6354274e+01   1.7170589e+01   1.0000000e+00
   1.5831219e+01   1.5932747e+01   1.0000000e+00
   1.4938633e+01   1.1310204e+01   1.0000000e+00
   1.5675328e+01   1.4466026e+01   1.0000000e+00
   1.8397448e+01   1.2850645e+01   1.0000000e+00
   1.5602053e+01   6.5421446e+00   1.0000000e+00
   1.6070402e+01   1.4111930e+01   1.0000000e+00
   1.7571785e+01   5.6654391e+00   1.0000000e+00
   1.5456273e+01   1.5216509e+01   1.0000000e+00
   1.6487793e+01   1.2852721e+01   1.0000000e+00
   1.5871940e+01   3.8596419e+00   1.0000000e+00
   1.6310103e+01   6.7404369e+00   1.0000000e+00
   1.6436801e+01   1.0817675e+01   1.0000000e+00
   1.6987457e+01   1.4102297e+01   1.0000000e+00
   1.5288863e+01   7.1638568e+00   1.0000000e+00
   1.6171108e+01   2.0045652e+01   1.0000000e+00
   1.6211590e+01   1.4179504e+01   1.0000000e+00
   1.6056199e+01   1.2746640e+01   1.0000000e+00
   1.7267646e+01   9.7983420e+00   1.0000000e+00
   1.7000859e+01   1.3033988e+01   1.0000000e+00
   1.6683104e+01   8.2233725e+00   1.0000000e+00
   1.6483144e+01   1.4226045e+01   1.0000000e+00
   1.8353768e+01   1.3811693e+01   1.0000000e+00
   1.5863383e+01   1.1100041e+01   1.0000000e+00
   1.4417190e+01   7.8000625e+00   1.0000000e+00
   1.6183445e+01   1.0661539e+01   1.0000000e+00
   1.4404032e+01   8.8892779e+00   1.0000000e+00
   1.7135375e+01   1.7325549e+01   1.0000000e+00
   1.5718148e+01   1.2502959e+01   1.0000000e+00
   1.6747748e+01   1.1739886e+01   1.0000000e+00
   1.6832365e+01   1.2222692e+01   1.0000000e+00
   1.6385209e+01   2.2697912e+01   1.0000000e+00
   1.4832357e+01   1.0427903e+01   1.0000000e+00
   1.6496516e+01   1.0419986e+01   1.0000000e+00
   1.4546312e+01   1.6409716e+01   1.0000000e+00
   1.7436696e+01   9.2325722e+00   1.0000000e+00
   1.6225472e+01   1.9392746e+01   1.0000000e+00
   1.5587217e+01   1.1253355e+01   1.0000000e+00
   1.6164751e+01   1.0561532e+01   1.0000000e+00
   1.4789883e+01   1.5614335e+01   1.0000000e+00
   1.6614981e+01   1.9956860e+01   1.0000000e+00
   1.5607330e+01   1.2885391e+01   1.0000000e+00
   1.5660277e+01   2.2302840e+01   1.0000000e+00
   1.6431608e+01   9.8886259e+00   1.0000000e+00
   1.4882125e+01   5.9699145e+00   1.0000000e+00
   1.6942935e+01   1.5926155e+01   1.0000000e+00
   1.5305542e+01   1.3110443e+01   1.0000000e+00
   1.7746521e+01   2.6179522e+00   1.0000000e+00
   1.6327636e+01   1.5354082e+01   1.0000000e+00
   1.4174111e+01   1.2299081e+01   1.0000000e+00
   1.6843717e+01   1.8231926e+01   1.0000000e+00
   1.4651185e+01   1.0237523e+01   1.0000000e+00
   1.6078468e+01   9.2150952e+00   1.0000000e+00
   1.5318245e+01   8.8443333e+00   1.0000000e+00
   1.6820018e+01   1.2427922e+01   1.0000000e+00
   1.7288400e+01   1.3178268e+01   1.0000000e+00
   1.4911819e+01   1.5466111e+01   1.0000000e+00
   1.7373178e+01   1.0576560e+01   1.0000000e+00
   1.6859920e+01   1.3564619e+01   1.0000000e+00
   1.5218247e+01   5.9142707e+00   1.0000000e+00
   1.5536067e+01   1.0691415e+01   1.0000000e+00
   1.5589868e+01   1.9499378e+01   1.0000000e+00
   1.5192797e+01   1.3994493e+01   1.0000000e+00
   1.4625830e+01   1.4954143e+01   1.0000000e+00
   1.6352901e+01   8.7509150e+00   1.0000000e+00
   1.8133726e+01   9.5894803e+00   1.0000000e+00
   1.7658534e+01   1.4953141e+01   1.0000000e+00
   1.6212659e+01   1.0228511e+01   1.0000000e+00
   1.8553965e+01   1.6783171e+01   1.0000000e+00
   1.6937461e+01   2.0347392e+01   1.0000000e+00
   1.5648089e+01   1.2885842e+01   1.0000000e+00
   1.6243703e+01   2.1500093e+01   1.0000000e+00
   1.6029103e+01   1.2185022e+01   1.0000000e+00
   1.6173062e+01   1.6955236e+01   1.0000000e+00
   1.4155938e+01   1.5755901e+01   1.0000000e+00
   1.5310027e+01   1.4280019e+01   1.0000000e+00
   1.7135115e+01   8.9070699e+00   1.0000000e+00
   1.5590666e+01   1.6139020e+01   1.0000000e+00
   1.7335542e+01   5.9364091e+00   1.0000000e+00
   1.5767515e+01   1.1229105e+01   1.0000000e+00
   1.6887794e+01   9.2786726e+00   1.0000000e+00
   1.5605431e+01   1.4146493e+01   1.0000000e+00
   1.6378129e+01   1.5489832e+01   1.0000000e+00
   1.6695291e+01   8.5003629e+00   1.0000000e+00
   1.5196145e+01   1.2877799e+01   1.0000000e+00
   1.5635841e+01   1.2409132e+01   1.0000000e+00
   1.4886223e+01   1.0826765e+01   1.0000000e+00
   1.5256730e+01   1.5201350e+01   1.0000000e+00
   1.5711702e+01   8.6002376e+00   1.0000000e+00
   1.6432592e+01   1.5436934e+01   1.0000000e+00
   1.7361150e+01   2.4487046e+01   1.0000000e+00
   1.5370637e+01   1.3237983e+01   1.0000000e+00
   1.3941724e+01   9.9734749e-01   1.0000000e+00
   1.7688940e+01   1.4013144e+00   1.0000000e+00
   1.6402465e+01   1.3741795e+01   1.0000000e+00
   1.5112218e+01   9.7291579e+00   1.0000000e+00
   1.5173257e+01   2.0050077e+01   1.0000000e+00
   1.6092217e+01   1.3142843e+01   1.0000000e+00
   1.5674660e+01   1.0939363e+01   1.0000000e+00
   1.6419822e+01   8.0545571e+00   1.0000000e+00
   1.5269050e+01   5.3152870e+00   1.0000000e+00
   1.7015595e+01   1.5601028e+01   1.0000000e+00
   1.6136280e+01  -4.2144792e-01   1.0000000e+00
   1.4753599e+01   1.5008761e+01   1.0000000e+00
   1.4478949e+01   1.0661302e+01   1.0000000e+00
   1.6187290e+01   8.5001451e+00   1.0000000e+00
   1.6473662e+01   9.0151289e+00   1.0000000e+00
   1.5030989e+01   1.0801554e+01   1.0000000e+00
   1.7539017e+01   7.1972346e+00   1.0000000e+00
   1.5802114e+01   1.0609644e+01   1.0000000e+00
   1.6250973e+01   1.1520510e+01   1.0000000e+00
   1.5649146e+01   1.6342021e+01   1.0000000e+00
   1.5804318e+01   9.7707284e+00   1.0000000e+00
   1.6536078e+01   1.4200934e+01   1.0000000e+00
   1.5328304e+01   4.1490170e+00   1.0000000e+00
   1.6663459e+01   8.5090912e+00   1.0000000e+00
   1.5142508e+01   1.5513709e+01   1.0000000e+00
   1.7227570e+01   1.8840428e+01   1.0000000e+00
   1.5530088e+01   1.1628009e+01   1.0000000e+00
   1.4860189e+01   1.1454741e+01   1.0000000e+00
   1.4778323e+01   1.0258210e+01   1.0000000e+00
   1.7605481e+01   8.4314411e+00   1.0000000e+00
   1.7012245e+01   8.9716428e+00   1.0000000e+00
   1.8307211e+01   1.2395422e+01   1.0000000e+00
   1.5667235e+01   1.3264594e+01   1.0000000e+00
   1.4157418e+01   5.0778248e+00   1.0000000e+00
   1.7290381e+01   1.2259300e+01   1.0000000e+00
   1.6044995e+01   1.2557412e+01   1.0000000e+00
   1.5776990e+01   1.4407353e+01   1.0000000e+00
   1.5879445e+01   1.6084419e+01   1.0000000e+00
   1.6084160e+01   1.0521146e+01   1.0000000e+00
   1.6256809e+01   8.6213928e+00   1.0000000e+00
   1.5697865e+01   4.0442789e+00   1.0000000e+00
   1.5516820e+01   4.3575506e+00   1.0000000e+00
   1.6352214e+01   5.3402913e+00   1.0000000e+00
   1.6306398e+01   1.2245707e+01   1.0000000e+00
   1.5931208e+01   1.2429448e+01   1.0000000e+00
   1.5305740e+01   1.2080041e+01   1.0000000e+00
   1.4841730e+01   1.9795836e+01   1.0000000e+00
   1.7417621e+01   1.9061076e+01   1.0000000e+00
   1.5809279e+01   1.0603937e+01   1.0000000e+00
   1.4726468e+01   1.4847126e+01   1.0000000e+00
   1.5809786e+01   1.5048532e+01   1.0000000e+00
   1.5507592e+01   1.1153965e+01   1.0000000e+00
   1.5198161e+01   7.6100300e+00   1.0000000e+00
   1.6684997e+01   2.2527283e+00   1.0000000e+00
   1.5863678e+01   1.8259625e+00   1.0000000e+00
   1.6234402e+01   8.5817683e+00   1.0000000e+00
   1.5359051e+01   1.1632289e+01   1.0000000e+00
   1.7554747e+01   1.6929213e+01   1.0000000e+00
   1.5177572e+01   1.9844647e+01   1.0000000e+00
   1.6736133e+01   1.8091812e+01   1.0000000e+00
   1.5307970e+01   1.2349373e+01   1.0000000e+00
   1.7245297e+01   1.3946159e+01   1.0000000e+00
   1.7691323e+01   1.2214018e+01   1.0000000e+00
   1.6684509e+01   9.7058829e+00   1.0000000e+00
   1.6688094e+01   8.3736606e+00   1.0000000e+00
   1.7674962e+01   1.0224406e+01   1.0000000e+00
   1.6314225e+01   5.1069441e+00   1.0000000e+00
   1.6657340e+01   5.0373347e+00   1.0000000e+00
   1.6249207e+01   1.1639318e+01   1.0000000e+00
   1.5165369e+01   1.7881247e+01   1.0000000e+00
   1.6517314e+01   2.0899228e+01   1.0000000e+00
   1.6186842e+01   1.2485886e+01   1.0000000e+00
   1.5549318e+01   5.6858564e+00   1.0000000e+00
   1.7047797e+01   1.0379812e+01   1.0000000e+00
   1.7265370e+01   8.4671525e+00   1.0000000e+00
   1.5758060e+01   1.4954437e+01   1.0000000e+00
   1.6226354e+01   1.0611032e+01   1.0000000e+00
   1.6667351e+01   1.3143190e+01   1.0000000e+00
   1.8210929e+01   8.9338381e+00   1.0000000e+00
   1.4805869e+01   1.2810764e+01   1.0000000e+00
   1.5951699e+01   1.6503254e+01   1.0000000e+00
   1.6274727e+01   1.0202118e+01   1.0000000e+00
   1.4380066e+01   1.1674659e+01   1.0000000e+00
   1.5731915e+01   1.0266864e+01   1.0000000e+00
   1.5796757e+01   1.6050349e+01   1.0000000e+00
   1.3770757e+01   1.4321553e+01   1.0000000e+00
   1.5533976e+01   9.6292288e+00   1.0000000e+00
   1.6778860e+01   9.1830893e+00   1.0000000e+00
   1.4968131e+01   6.8244641e+00   1.0000000e+00
   1.6689117e+01   7.8122828e+00   1.0000000e+00
   1.5576807e+01   1.4516642e+01   1.0000000e+00
   1.6635349e+01   1.2574894e+01   1.0000000e+00
   1.6688188e+01   9.8187614e+00   1.0000000e+00
   1.6627803e+01   1.2834496e+01   1.0000000e+00
   1.5649498e+01   2.3792018e+00   1.0000000e+00
   1.5632583e+01   1.8323225e+01   1.0000000e+00
   1.4278852e+01   1.0694665e+01   1.0000000e+00
   1.7190398e+01   1.1109560e+01   1.0000000e+00
   1.6239790e+01   1.0235205e+01   1.0000000e+00
   1.6402034e+01   1.2249387e+01   1.0000000e+00
   1.6273278e+01   7.8574874e+00   1.0000000e+00
   1.3829093e+01   1.0929778e+01   1.0000000e+00
   1.5817788e+01   1.5614634e+01   1.0000000e+00
   1.3662293e+01   1.3111259e+01   1.0000000e+00
   1.6162300e+01   1.5468400e+01   1.0000000e+00
   1.6730801e+01   2.0129418e+01   1.0000000e+00
   1.8041559e+01   1.0505614e+01   1.0000000e+00
   1.5302304e+01   1.2678583e+01   1.0000000e+00
   1.5438551e+01   1.3356898e+01   1.0000000e+00
   1.7466769e+01   1.0486763e+01   1.0000000e+00
   1.4468259e+01   1.3384376e+01   1.0000000e+00
   1.5297854e+01   1.4858789e+01   1.0000000e+00
   1.5744540e+01   1.4625786e+01   1.0000000e+00
   1.5106281e+01   8.9176092e+00   1.0000000e+00
   1.4717703e+01   9.3911170e+00   1.0000000e+00
   1.4674096e+01   1.1575295e+01   1.0000000e+00
   1.6940729e+01   1.4196815e+01   1.0000000e+00
   1.6051624e+01   1.4396667e+01   1.0000000e+00
   1.7011824e+01   1.6921170e+01   1.0000000e+00
   1.6214057e+01   1.3973205e+01   1.0000000e+00
   1.5819373e+01   2.0708292e+01   1.0000000e+00
   1.7901149e+01   1.4008966e+01   1.0000000e+00
   1.5640781e+01   7.0223596e+00   1.0000000e+00
   1.6921640e+01   1.9407657e+01   1.0000000e+00
   1.5392286e+01   9.7234788e+00   1.0000000e+00
   1.5670289e+01  -5.0878916e-01   1.0000000e+00
   1.6574869e+01   1.7491130e+01   1.0000000e+00
   1.5138179e+01   8.8653274e+00   1.0000000e+00
   1.6785900e+01   1.0706105e+01   1.0000000e+00
   1.6939579e+01   1.5992485e+01   1.0000000e+00
   1.6921224e+01   8.4878614e+00   1.0000000e+00
   1.4373936e+01   1.5951053e+01   1.0000000e+00
   1.7257042e+01   9.8300361e+00   1.0000000e+00
   1.5452708e+01   1.9461793e+01   1.0000000e+00
   1.6609216e+01   9.2783982e+00   1.0000000e+00
   1.6555843e+01   1.0925564e+01   1.0000000e+00
   1.4796480e+01   1.3222780e+01   1.0000000e+00
   1.4955388e+01   8.6648041e+00   1.0000000e+00
   1.6487989e+01   1.2183354e+01   1.0000000e+00
   1.6633461e+01   1.2060164e+01   1.0000000e+00
   1.6563073e+01   8.2588555e+00   1.0000000e+00
   1.6108652e+01   1.3604433e+01   1.0000000e+00
   1.6885239e+01   2.0400167e+01   1.0000000e+00
   1.5583066e+01   1.4865083e+01   1.0000000e+00
   1.6977106e+01   1.8668901e+01   1.0000000e+00
   1.7626513e+01   1.1099419e+01   1.0000000e+00
   1.5231491e+01   9.8116850e+00   1.0000000e+00
   1.6097417e+01   1.6742364e+01   1.0000000e+00
   1.6918434e+01   1.7867510e+01   1.0000000e+00
   1.7160297e+01   1.0091724e+01   1.0000000e+00
   1.6114473e+01   1.3340353e+01   1.0000000e+00
   1.6683982e+01   1.2083951e+01   1.0000000e+00
   1.6008729e+01   9.8903703e+00   1.0000000e+00
   1.5602750e+01   1.1596334e+01   1.0000000e+00
   1.7645871e+01   1.1006677e+01   1.0000000e+00
   1.8522781e+01   6.8804084e+00   1.0000000e+00
   1.6850767e+01   1.7465821e+01   1.0000000e+00
   1.7365223e+01   1.2059820e+01   1.0000000e+00
   1.6828423e+01   9.0681221e+00   1.0000000e+00
   1.6686928e+01   1.0632545e+01   1.0000000e+00
   1.6704471e+01   8.8927126e+00   1.0000000e+00
   1.5023080e+01   9.2731709e+00   1.0000000e+00
   1.5433967e+01   6.6596984e+00   1.0000000e+00
   1.4302390e+01   1.4760533e+01   1.0000000e+00
   1.5357479e+01   1.3451890e+01   1.0000000e+00
   1.7119070e+01   2.0486857e+01   1.0000000e+00
   1.6058409e+01   1.2234191e+01   1.0000000e+00
   1.4602852e+01   8.5639230e+00   1.0000000e+00
   1.5825270e+01   1.2635863e+01   1.0000000e+00
   1.6062509e+01   1.3989150e+01   1.0000000e+00
   1.5491735e+01   7.3392274e+00   1.0000000e+00
   1.7255221e+01   1.3833332e+01   1.0000000e+00
   1.4717584e+01   1.5383654e+01   1.0000000e+00
   1.6485885e+01   7.6140572e+00   1.0000000e+00
   1.6599858e+01   1.6147503e+01   1.0000000e+00
   1.4402773e+01   1.4604570e+01   1.0000000e+00
   1.5987637e+01   1.4760732e+01   1.0000000e+00
   1.5539099e+01   1.0021205e+01   1.0000000e+00
   1.5054458e+01   1.5480797e+01   1.0000000e+00
   1.6897045e+01   1.1474292e+01   1.0000000e+00
   1.4153658e+01   9.9400654e+00   1.0000000e+00
   1.6597539e+01   1.0353768e+01   1.0000000e+00
   1.6929137e+01   9.3787315e+00   1.0000000e+00
   1.4699663e+01   8.5706990e+00   1.0000000e+00
   1.5214125e+01   7.2853443e+00   1.0000000e+00
   1.6552948e+01   2.3913567e+01   1.0000000e+00
   1.5112545e+01   1.2115579e+01   1.0000000e+00
   1.6374425e+01   6.5871322e+00   1.0000000e+00
   1.4372567e+01   1.5373112e+01   1.0000000e+00
   1.7397838e+01   1.2821142e+01   1.0000000e+00
   1.6579229e+01   5.0570998e+00   1.0000000e+00
   1.5597825e+01   8.5636165e+00   1.0000000e+00
   1.5882409e+01   6.3160752e+00   1.0000000e+00
   1.7453547e+01   1.0767288e+01   1.0000000e+00
   1.5648115e+01   1.0243768e+01   1.0000000e+00
   1.5966245e+01   1.4880098e+01   1.0000000e+00
   1.6664414e+01   1.8997606e+01   1.0000000e+00
   1.7948055e+01   8.1360453e+00   1.0000000e+00
   1.5752522e+01   4.4942289e+00   1.0000000e+00
   1.5082776e+01   9.3764812e+00   1.0000000e+00
   1.6029183e+01   1.1266627e+01   1.0000000e+00
   1.6098592e+01   1.3687201e+01   1.0000000e+00
   1.7097411e+01   1.6875134e+01   1.0000000e+00
   1.5895705e+01   6.8109100e+00   1.0000000e+00
   1.5419292e+01   7.6620063e+00   1.0000000e+00
   1.5420558e+01   1.7329263e+01   1.0000000e+00
   1.5515951e+01   1.5602307e+01   1.0000000e+00
   1.5766204e+01   1.4219439e+01   1.0000000e+00
   1.4160273e+01   1.0755060e+01   1.0000000e+00
   1.4824841e+01   1.3274096e+01   1.0000000e+00
   1.4419589e+01   1.3227860e+01   1.0000000e+00
   1.7143902e+01   1.1108592e+01   1.0000000e+00
   1.8254311e+01   7.6212100e+00   1.0000000e+00
   1.3657661e+01   2.0062601e+01   1.0000000e+00
   1.6468231e+01   1.0549079e+01   1.0000000e+00
   1.7169911e+01   1.3651505e+01   1.0000000e+00
   1.6541344e+01   5.7732868e+00   1.0000000e+00
   1.7428331e+01   4.9763534e+00   1.0000000e+00
   1.7406970e+01   1.2935094e+01   1.0000000e+00
   1.4031702e+01   8.5141297e+00   1.0000000e+00
   1.4949072e+01   1.8001531e+01   1.0000000e+00
   1.5164756e+01   1.2457633e+01   1.0000000e+00
   1.6262574e+01   1.1803233e+01   1.0000000e+00
   1.6389477e+01   1.0716911e+01   1.0000000e+00
   1.5817245e+01   1.6534195e+01   1.0000000e+00
   1.5677216e+01   8.0997383e+00   1.0000000e+00
   1.7355375e+01   1.5846277e+01   1.0000000e+00
   1.4923119e+01   8.6868425e+00   1.0000000e+00
   1.6032171e+01   9.8917131e+00   1.0000000e+00
   1.4395625e+01   4.0943019e+00   1.0000000e+00
   1.4371262e+01   5.9791273e+00   1.0000000e+00
   1.5634422e+01   1.4145117e+01   1.0000000e+00
   1.6696161e+01   1.4914770e+01   1.0000000e+00
   1.5042843e+01   1.6337484e+01   1.0000000e+00
   1.7069004e+01   1.3649455e+01   1.0000000e+00
   1.2920509e+01   4.5597303e+00   1.0000000e+00
   1.6965614e+01   9.0374088e+00   1.0000000e+00
   1.7400435e+01   7.5095268e+00   1.0000000e+00
   1.4833522e+01   5.8838600e+00   1.0000000e+00
   1.4632841e+01   1.3795772e+01   1.0000000e+00
   1.5493838e+01   8.1320608e+00   1.0000000e+00
   1.6954319e+01   1.1481401e+01   1.0000000e+00
   1.3893619e+01   1.2076667e+01   1.0000000e+00
   1.5380134e+01   8.9117986e+00   1.0000000e+00
   1.5776644e+01   1.5207515e+01   1.0000000e+00
   1.6945695e+01   1.4522913e+01   1.0000000e+00
   1.7177276e+01   1.1789289e+01   1.0000000e+00
   1.5583620e+01   1.4841624e+01   1.0000000e+00
   1.7552240e+01   1.4644427e+01   1.0000000e+00
   1.5498357e+01   6.2166634e+00   1.0000000e+00
   1.6336410e+01   1.6400179e+01   1.0000000e+00
   1.5355408e+01   1.0293257e+01   1.0000000e+00
   1.6912169e+01   6.1781410e+00   1.0000000e+00
   1.6938932e+01   7.8989632e+00   1.0000000e+00
   1.5955043e+01   8.4110434e+00   1.0000000e+00
   1.5383705e+01   7.0213881e+00   1.0000000e+00
   1.8120090e+01   8.2564907e+00   1.0000000e+00
   1.7001183e+01   9.6316720e+00   1.0000000e+00
   1.6400360e+01   1.4345964e+01   1.0000000e+00
   1.4260001e+01   1.4268140e+01   1.0000000e+00
   1.6832824e+01   1.0995838e+01   1.0000000e+00
   1.5858231e+01   2.0890862e+01   1.0000000e+00
   1.4596930e+01   1.8667628e+01   1.0000000e+00
   1.5309556e+01   1.9737623e+01   1.0000000e+00
   1.6710080e+01   1.1919722e+01   1.0000000e+00
   1.5404684e+01   1.1435799e+01   1.0000000e+00
   1.4553514e+01   1.7481103e+01   1.0000000e+00
   1.7749258e+01   1.0778934e+01   1.0000000e+00
   1.6352053e+01   7.4358675e+00   1.0000000e+00
   1.7311915e+01   8.5996512e+00   1.0000000e+00
   1.5002682e+01   1.0643776e+01   1.0000000e+00
   1.7131339e+01   3.4696317e+00   1.0000000e+00
   1.5247850e+01   5.6858871e+00   1.0000000e+00
   1.7483226e+01   1.0354912e+01   1.0000000e+00
  -1.6233269e+01  -1.5548246e+01  -1.0000000e+00
  -1.5567397e+01  -1.0920863e+01  -1.0000000e+00
  -1.5022601e+01  -1.6750098e+01  -1.0000000e+00
  -1.7969870e+01  -7.6683511e+00  -1.0000000e+00
  -1.9256604e+01  -1.2654787e+01  -1.0000000e+00
  -1.3317899e+01  -1.5737228e+01  -1.0000000e+00
  -1.6310208e+01  -1.5679540e+01  -1.0000000e+00
  -1.7585789e+01  -1.1907904e+01  -1.0000000e+00
  -1.6189888e+01  -1.0407467e+01  -1.0000000e+00
  -1.4369596e+01  -1.7451848e+01  -1.0000000e+00
  -1.6173418e+01  -1.1644839e+01  -1.0000000e+00
  -1.5678156e+01  -1.4796705e+01  -1.0000000e+00
  -1.4005761e+01  -1.8960256e+01  -1.0000000e+00
  -1.5531342e+01  -1.3890762e+01  -1.0000000e+00
  -1.5969319e+01  -1.0012559e+01  -1.0000000e+00
  -1.6919513e+01  -1.4243112e+01  -1.0000000e+00
  -1.7491411e+01  -2.1653848e+01  -1.0000000e+00
  -1.5913593e+01  -1.4328209e+01  -1.0000000e+00
  -1.7199877e+01  -1.0925234e+01  -1.0000000e+00
  -1.6124407e+01  -1.9272028e+01  -1.0000000e+00
  -1.5401936e+01  -1.4099381e+01  -1.0000000e+00
  -1.7602600e+01  -2.0516464e+01  -1.0000000e+00
  -1.4983233e+01  -1.0695197e+01  -1.0000000e+00
  -1.4163421e+01  -1.4937732e+01  -1.0000000e+00
  -1.7029735e+01  -1.1554795e+01  -1.0000000e+00
  -1.4894071e+01  -1.6578303e+01  -1.0000000e+00
  -1.6554792e+01  -1.6429845e+01  -1.0000000e+00
  -1.6965822e+01  -1.2414707e+01  -1.0000000e+00
  -1.3919157e+01  -1.2502712e+01  -1.0000000e+00
  -1.5576335e+01  -1.3542805e+01  -1.0000000e+00
  -1.4890043e+01  -1.6011998e+01  -1.0000000e+00
  -1.4940810e+01  -1.3033559e+01  -1.0000000e+00
  -1.6756717e+01  -1.9684602e+01  -1.0000000e+00
  -1.5130240e+01  -9.6822967e+00  -1.0000000e+00
  -1.4531042e+01  -1.3622653e+01  -1.0000000e+00
  -1.6869814e+01  -8.7851643e+00  -1.0000000e+00
  -1.6237317e+01  -1.8059100e+01  -1.0000000e+00
  -1.5379539e+01  -1.3780455e+01  -1.0000000e+00
  -1.6965489e+01  -1.4786495e+01  -1.0000000e+00
  -1.9274322e+01  -1.3168867e+01  -1.0000000e+00
  -1.4446192e+01  -1.0605910e+01  -1.0000000e+00
  -1.5912380e+01  -1.6504264e+01  -1.0000000e+00
  -1.4132508e+01  -1.2947397e+01  -1.0000000e+00
  -1.7233817e+01  -1.8344943e+01  -1.0000000e+00
  -1.6541524e+01  -1.7001088e+01  -1.0000000e+00
  -1.5945235e+01  -1.8157200e+01  -1.0000000e+00
  -1.6632093e+01  -1.6988421e+01  -1.0000000e+00
  -1.4560174e+01  -1.1327473e+01  -1.0000000e+00
  -1.6684437e+01  -1.5674409e+01  -1.0000000e+00
  -1.6367888e+01  -1.5008959e+01  -1.0000000e+00
  -1.9050584e+01  -1.5265862e+01  -1.0000000e+00
  -1.5339750e+01  -1.7400205e+01  -1.0000000e+00
  -1.6540849e+01  -1.0449187e+01  -1.0000000e+00
  -1.8843520e+01  -1.1525216e+01  -1.0000000e+00
  -1.7258893e+01  -1.5230449e+01  -1.0000000e+00
  -1.6296772e+01  -1.3621410e+01  -1.0000000e+00
  -1.6300801e+01  -1.2939351e+01  -1.0000000e+00
  -1.8250736e+01  -1.3235508e+01  -1.0000000e+00
  -1.6811422e+01  -1.5059491e+01  -1.0000000e+00
  -1.5299166e+01  -1.1148974e+01  -1.0000000e+00
  -1.6589385e+01  -1.6809865e+01  -1.0000000e+00
  -1.5764573e+01  -1.0702470e+01  -1.0000000e+00
  -1.4080475e+01  -1.4787204e+01  -1.0000000e+00
  -1.4715936e+01  -1.5984072e+01  -1.0000000e+00
  -1.4024398e+01  -1.3239519e+01  -1.0000000e+00
  -1.6722520e+01  -1.6423302e+01  -1.0000000e+00
  -1.7352716e+01  -1.5724002e+01  -1.0000000e+00
  -1.3478019e+01  -1.3904008e+01  -1.0000000e+00
  -1.7978525e+01  -1.9815956e+01  -1.0000000e+00
  -1.6364442e+01  -1.7049912e+01  -1.0000000e+00
  -1.7248833e+01  -1.5047307e+01  -1.0000000e+00
  -1.5650639e+01  -1.1116858e+01  -1.0000000e+00
  -1.9135833e+01  -1.2215241e+01  -1.0000000e+00
  -1.7082130e+01  -1.3134279e+01  -1.0000000e+00
  -1.7829116e+01  -1.1928138e+01  -1.0000000e+00
  -1.3278727e+01  -1.7032276e+01  -1.0000000e+00
  -1.6367987e+01  -1.6942021e+01  -1.0000000e+00
  -1.7288570e+01  -1.6112537e+01  -1.0000000e+00
  -1.8915734e+01  -1.7268346e+01  -1.0000000e+00
  -1.5960475e+01  -1.4809392e+01  -1.0000000e+00
  -1.8096765e+01  -8.4118310e+00  -1.0000000e+00
  -1.4501569e+01  -1.3098068e+01  -1.0000000e+00
  -1.7672552e+01  -1.2788854e+01  -1.0000000e+00
  -1.3954959e+01  -1.3780037e+01  -1.0000000e+00
  -1.4449391e+01  -1.3413523e+01  -1.0000000e+00
  -1.3583719e+01  -2.0958016e+01  -1.0000000e+00
  -1.4496355e+01  -1.7294219e+01  -1.0000000e+00
  -1.8375817e+01  -1.2878202e+01  -1.0000000e+00
  -1.7152226e+01  -1.5434588e+01  -1.0000000e+00
  -1.7395816e+01  -1.6374908e+01  -1.0000000e+00
  -1.7095598e+01  -1.2371056e+01  -1.0000000e+00
  -1.4540229e+01  -1.5273239e+01  -1.0000000e+00
  -1.5321392e+01  -1.9846946e+01  -1.0000000e+00
  -1.6578886e+01  -1.3415922e+01  -1.0000000e+00
  -1.6898884e+01  -1.9033769e+01  -1.0000000e+00
  -1.5714956e+01  -1.2444454e+01  -1.0000000e+00
  -1.5682516e+01  -1.3809472e+01  -1.0000000e+00
  -1.7876230e+01  -1.4120026e+01  -1.0000000e+00
  -1.6414698e+01  -1.3923232e+01  -1.0000000e+00
  -1.8869547e+01  -1.4056208e+01  -1.0000000e+00
  -1.6595543e+01  -1.1893065e+01  -1.0000000e+00
  -1.3991580e+01  -1.8841286e+01  -1.0000000e+00
  -1.4947139e+01  -2.0752237e+01  -1.0000000e+00
  -1.6211565e+01  -1.5827222e+01  -1.0000000e+00
  -1.5051792e+01  -2.1697420e+01  -1.0000000e+00
  -1.4777384e+01  -1.8988908e+01  -1.0000000e+00
  -1.5289263e+01  -1.3918085e+01  -1.0000000e+00
  -1.5839942e+01  -1.5745232e+01  -1.0000000e+00
  -1.5194030e+01  -1.2455287e+01  -1.0000000e+00
  -1.5219456e+01  -2.1962774e+01  -1.0000000e+00
  -1.5713709e+01  -1.2185929e+01  -1.0000000e+00
  -1.5925044e+01  -2.1553742e+01  -1.0000000e+00
  -1.5157631e+01  -1.6992593e+01  -1.0000000e+00
  -1.6480771e+01  -1.3623448e+01  -1.0000000e+00
  -1.5481311e+01  -1.0869752e+01  -1.0000000e+00
  -1.6893385e+01  -1.1206310e+01  -1.0000000e+00
  -1.3282501e+01  -1.4569842e+01  -1.0000000e+00
  -1.6885686e+01  -1.6292605e+01  -1.0000000e+00
  -1.4144859e+01  -1.6646702e+01  -1.0000000e+00
  -1.7858312e+01  -1.1369840e+01  -1.0000000e+00
  -1.3676608e+01  -1.2473111e+01  -1.0000000e+00
  -1.4953058e+01  -1.3777779e+01  -1.0000000e+00
  -1.6131436e+01  -7.8162530e+00  -1.0000000e+00
  -1.5374723e+01  -1.4943798e+01  -1.0000000e+00
  -1.3993100e+01  -1.7449890e+01  -1.0000000e+00
  -1.3598673e+01  -9.9377020e+00  -1.0000000e+00
  -1.5898074e+01  -1.6707313e+01  -1.0000000e+00
  -1.4572141e+01  -1.0734906e+01  -1.0000000e+00
  -1.4873195e+01  -1.4156320e+01  -1.0000000e+00
  -1.5002801e+01  -1.7934087e+01  -1.0000000e+00
  -1.5877678e+01  -1.4143993e+01  -1.0000000e+00
  -1.6523322e+01  -2.0617263e+01  -1.0000000e+00
  -1.7424364e+01  -1.7720115e+01  -1.0000000e+00
  -1.6505378e+01  -1.7274026e+01  -1.0000000e+00
  -1.3833468e+01  -1.7421690e+01  -1.0000000e+00
  -1.7705602e+01  -1.6139061e+01  -1.0000000e+00
  -1.5262362e+01  -1.5303929e+01  -1.0000000e+00
  -1.8829500e+01  -5.9780050e+00  -1.0000000e+00
  -1.5781379e+01  -1.6656454e+01  -1.0000000e+00
  -1.5928260e+01  -8.6240334e+00  -1.0000000e+00
  -1.7657256e+01  -1.5012623e+01  -1.0000000e+00
  -1.9297610e+01  -7.4794966e+00  -1.0000000e+00
  -1.6411138e+01  -9.3471691e+00  -1.0000000e+00
  -1.9019246e+01  -1.8878121e+01  -1.0000000e+00
  -1.6235163e+01  -1.2985973e+01  -1.0000000e+00
  -1.6149961e+01  -1.5602918e+01  -1.0000000e+00
  -1.5281210e+01  -1.2071843e+01  -1.0000000e+00
  -1.5384653e+01  -2.2924558e+01  -1.0000000e+00
  -1.3280699e+01  -1.4170840e+01  -1.0000000e+00
  -1.5979146e+01  -1.4859129e+01  -1.0000000e+00
  -1.2477673e+01  -1.7579992e+01  -1.0000000e+00
  -1.6829930e+01  -1.4930727e+01  -1.0000000e+00
  -1.5922861e+01  -1.8801839e+01  -1.0000000e+00
  -1.6229713e+01  -2.0035918e+01  -1.0000000e+00
  -1.3673460e+01  -1.7868584e+01  -1.0000000e+00
  -1.5038459e+01  -1.7474644e+01  -1.0000000e+00
  -1.2370200e+01  -8.4047997e+00  -1.0000000e+00
  -1.5205613e+01  -1.1052740e+01  -1.0000000e+00
  -1.5279963e+01  -2.3880550e+01  -1.0000000e+00
  -1.5595199e+01  -1.8953689e+01  -1.0000000e+00
  -1.4459773e+01  -1.7285884e+01  -1.0000000e+00
  -1.5019531e+01  -1.6458363e+01  -1.0000000e+00
  -1.5347536e+01  -1.3754414e+01  -1.0000000e+00
  -1.5945900e+01  -1.3081779e+01  -1.0000000e+00
  -1.4079387e+01  -1.1681121e+01  -1.0000000e+00
  -1.6045448e+01  -1.8876570e+01  -1.0000000e+00
  -1.5233926e+01  -1.8453060e+01  -1.0000000e+00
  -1.6825015e+01  -2.1023536e+01  -1.0000000e+00
  -1.5609119e+01  -1.6906808e+01  -1.0000000e+00
  -1.5057608e+01  -1.7959726e+01  -1.0000000e+00
  -1.5842525e+01  -1.5844928e+01  -1.0000000e+00
  -1.6053034e+01  -2.1108266e+01  -1.0000000e+00
  -1.4258769e+01  -1.5473357e+01  -1.0000000e+00
  -1.7821529e+01  -1.1551073e+01  -1.0000000e+00
  -2.0847224e+01  -1.2530711e+01  -1.0000000e+00
  -1.4591189e+01  -1.8647390e+01  -1.0000000e+00
  -1.4166774e+01  -2.0021700e+01  -1.0000000e+00
  -1.7909494e+01  -1.5659529e+01  -1.0000000e+00
  -1.5494207e+01  -1.1596059e+01  -1.0000000e+00
  -1.7074850e+01  -5.5030858e+00  -1.0000000e+00
  -1.6674124e+01  -1.4916754e+01  -1.0000000e+00
  -1.5180695e+01  -2.2386039e+01  -1.0000000e+00
  -1.4155417e+01  -1.2715949e+01  -1.0000000e+00
  -1.6147902e+01  -2.1236332e+01  -1.0000000e+00
  -1.4611452e+01  -1.2128750e+01  -1.0000000e+00
  -1.2938056e+01  -1.6741386e+01  -1.0000000e+00
  -1.5894909e+01  -8.2503428e+00  -1.0000000e+00
  -1.7126515e+01  -2.0550019e+01  -1.0000000e+00
  -1.6405348e+01  -1.8604443e+01  -1.0000000e+00
  -1.5805268e+01  -1.7818988e+01  -1.0000000e+00
  -1.5577596e+01  -1.1405006e+01  -1.0000000e+00
  -1.3836283e+01  -1.0762348e+01  -1.0000000e+00
  -1.7166788e+01  -1.3040530e+01  -1.0000000e+00
  -1.6693472e+01  -1.4649641e+01  -1.0000000e+00
  -1.7567690e+01  -2.0174300e+01  -1.0000000e+00
  -1.5803313e+01  -1.1888148e+01  -1.0000000e+00
  -1.3348272e+01  -1.1761341e+01  -1.0000000e+00
  -1.3253296e+01  -1.4759372e+01  -1.0000000e+00
  -1.6936248e+01  -1.8356223e+01  -1.0000000e+00
  -1.5411683e+01  -1.6964656e+01  -1.0000000e+00
  -1.5495591e+01  -1.4546062e+01  -1.0000000e+00
  -1.8566625e+01  -1.9468365e+01  -1.0000000e+00
  -1.6987199e+01  -1.5847732e+01  -1.0000000e+00
  -1.5439833e+01  -1.7524148e+01  -1.0000000e+00
  -1.3210594e+01  -2.0775972e+01  -1.0000000e+00
  -1.5618589e+01  -1.6163646e+01  -1.0000000e+00
  -1.7492011e+01  -1.8036758e+01  -1.0000000e+00
  -1.4878316e+01  -1.8508290e+01  -1.0000000e+00
  -1.6180171e+01  -1.6626572e+01  -1.0000000e+00
  -1.3377100e+01  -1.4782314e+01  -1.0000000e+00
  -1.7332664e+01  -1.9730973e+01  -1.0000000e+00
  -1.6199569e+01  -6.1347730e+00  -1.0000000e+00
  -1.5968682e+01  -1.5710069e+01  -1.0000000e+00
  -1.7739287e+01  -1.6283097e+01  -1.0000000e+00
  -1.6946794e+01  -1.7345559e+01  -1.0000000e+00
  -1.7037007e+01  -2.2293198e+01  -1.0000000e+00
  -1.7222483e+01  -1.5459878e+01  -1.0000000e+00
  -1.6866183e+01  -1.2315489e+01  -1.0000000e+00
  -1.6424505e+01  -1.1464095e+01  -1.0000000e+00
  -1.6962968e+01  -1.7163077e+01  -1.0000000e+00
  -1.4704291e+01  -1.5003269e+01  -1.0000000e+00
  -1.4921832e+01  -9.6956384e+00  -1.0000000e+00
  -1.5494830e+01  -1.0726302e+01  -1.0000000e+00
  -1.5502871e+01  -1.2361463e+01  -1.0000000e+00
  -1.5321973e+01  -1.5191774e+01  -1.0000000e+00
  -1.8267824e+01  -1.3905132e+01  -1.0000000e+00
  -1.7662870e+01  -1.6790295e+01  -1.0000000e+00
  -1.6822793e+01  -1.4579356e+01  -1.0000000e+00
  -1.6751415e+01  -1.3366138e+01  -1.0000000e+00
  -1.1508129e+01  -2.2677798e+01  -1.0000000e+00
  -1.4767913e+01  -1.5774757e+01  -1.0000000e+00
  -1.3728136e+01  -1.7830704e+01  -1.0000000e+00
  -1.6575379e+01  -8.5831292e+00  -1.0000000e+00
  -1.5023524e+01  -1.5226811e+01  -1.0000000e+00
  -1.6152803e+01  -1.7006418e+01  -1.0000000e+00
  -1.4699693e+01  -1.6650193e+01  -1.0000000e+00
  -1.5840094e+01  -1.4709540e+01  -1.0000000e+00
  -1.4971947e+01  -1.1716640e+01  -1.0000000e+00
  -1.6919384e+01  -1.1399809e+01  -1.0000000e+00
  -1.5904640e+01  -1.4464239e+01  -1.0000000e+00
  -1.6528407e+01  -2.2089803e+01  -1.0000000e+00
  -1.6124038e+01  -1.8148742e+01  -1.0000000e+00
  -1.6409013e+01  -1.4484167e+01  -1.0000000e+00
  -1.4824289e+01  -1.6574373e+01  -1.0000000e+00
  -1.6837409e+01  -1.4138830e+01  -1.0000000e+00
  -1.6500603e+01  -1.6895106e+01  -1.0000000e+00
  -1.8130129e+01  -1.8723392e+01  -1.0000000e+00
  -1.4522387e+01  -1.5389188e+01  -1.0000000e+00
  -1.7017586e+01  -1.7346303e+01  -1.0000000e+00
  -1.5773775e+01  -1.7829621e+01  -1.0000000e+00
  -1.7030626e+01  -2.0285290e+01  -1.0000000e+00
  -1.6213755e+01  -1.8718575e+01  -1.0000000e+00
  -1.5410961e+01  -1.3687419e+01  -1.0000000e+00
  -1.7629189e+01  -8.0650901e+00  -1.0000000e+00
  -1.6214488e+01  -1.3391287e+01  -1.0000000e+00
  -1.3854837e+01  -1.4764766e+01  -1.0000000e+00
  -1.6955739e+01  -1.7749295e+01  -1.0000000e+00
  -1.6614954e+01  -1.9147322e+01  -1.0000000e+00
  -1.7217958e+01  -1.3726586e+01  -1.0000000e+00
  -1.4485845e+01  -1.5298625e+01  -1.0000000e+00
  -1.4619715e+01  -1.1524228e+01  -1.0000000e+00
  -1.7184853e+01  -1.4926477e+01  -1.0000000e+00
  -1.8127434e+01  -1.7110008e+01  -1.0000000e+00
  -1.6299331e+01  -1.8949128e+01  -1.0000000e+00
  -1.4229978e+01  -1.7324323e+01  -1.0000000e+00
  -1.4327790e+01  -2.0764161e+01  -1.0000000e+00
  -1.5943786e+01  -1.5627693e+01  -1.0000000e+00
  -1.6061409e+01  -1.2641689e+01  -1.0000000e+00
  -1.7408745e+01  -1.2217443e+01  -1.0000000e+00
  -1.4615291e+01  -2.3781800e+01  -1.0000000e+00
  -1.4708221e+01  -1.5791078e+01  -1.0000000e+00
  -1.6529974e+01  -1.8689972e+01  -1.0000000e+00
  -1.3611301e+01  -2.2277085e+01  -1.0000000e+00
  -1.6175984e+01  -1.3301296e+01  -1.0000000e+00
  -1.6515572e+01  -1.1561597e+01  -1.0000000e+00
  -1.7413767e+01  -2.1964357e+01  -1.0000000e+00
  -1.6276504e+01  -1.0967256e+01  -1.0000000e+00
  -1.3000713e+01  -1.2100423e+01  -1.0000000e+00
  -2.0582464e+01  -1.1173770e+01  -1.0000000e+00
  -1.7642786e+01  -1.8249571e+01  -1.0000000e+00
  -1.4377691e+01  -1.9141583e+01  -1.0000000e+00
  -1.7595320e+01  -9.8846156e+00  -1.0000000e+00
  -1.5723266e+01  -1.6961453e+01  -1.0000000e+00
  -1.7290363e+01  -1.8215378e+01  -1.0000000e+00
  -1.6575337e+01  -1.3436973e+01  -1.0000000e+00
  -1.5762151e+01  -1.8261833e+01  -1.0000000e+00
  -1.4174396e+01  -1.9814259e+01  -1.0000000e+00
  -1.5704189e+01  -1.6717069e+01  -1.0000000e+00
  -1.5114219e+01  -8.7528148e+00  -1.0000000e+00
  -1.7411886e+01  -1.9401002e+01  -1.0000000e+00
  -1.7443816e+01  -1.0459694e+01  -1.0000000e+00
  -1.3763984e+01  -1.4062129e+01  -1.0000000e+00
  -1.7865111e+01  -1.5728759e+01  -1.0000000e+00
  -1.6478374e+01  -1.6631056e+01  -1.0000000e+00
  -1.6299614e+01  -1.3829702e+01  -1.0000000e+00
  -1.6654259e+01  -1.4553546e+01  -1.0000000e+00
  -1.6762805e+01  -8.7466229e+00  -1.0000000e+00
  -1.4169081e+01  -1.3490002e+01  -1.0000000e+00
  -1.7617805e+01  -1.5935132e+01  -1.0000000e+00
  -1.8864429e+01  -1.3246718e+01  -1.0000000e+00
  -1.5632792e+01  -1.3661217e+01  -1.0000000e+00
  -1.6957871e+01  -1.7918607e+01  -1.0000000e+00
  -1.4775485e+01  -1.7459272e+01  -1.0000000e+00
  -1.3795461e+01  -1.7195386e+01  -1.0000000e+00
  -1.4655652e+01  -1.9818465e+01  -1.0000000e+00
  -1.4527634e+01  -1.4451220e+01  -1.0000000e+00
  -1.5989691e+01  -1.5350572e+01  -1.0000000e+00
  -1.6197374e+01  -1.3283282e+01  -1.0000000e+00
  -1.5657446e+01  -1.8456777e+01  -1.0000000e+00
  -1.4784434e+01  -1.2739510e+01  -1.0000000e+00
  -1.7462072e+01  -6.5435202e+00  -1.0000000e+00
  -1.3341958e+01  -1.8741943e+01  -1.0000000e+00
  -1.5199177e+01  -2.0460066e+01  -1.0000000e+00
  -1.4485219e+01  -1.4835958e+01  -1.0000000e+00
  -1.5527249e+01  -2.1404050e+01  -1.0000000e+00
  -1.8619355e+01  -7.0343234e+00  -1.0000000e+00
  -1.4360919e+01  -1.3185313e+01  -1.0000000e+00
  -1.5859102e+01  -1.2372366e+01  -1.0000000e+00
  -1.6083111e+01  -1.3942419e+01  -1.0000000e+00
  -1.5659166e+01  -1.9083134e+01  -1.0000000e+00
  -1.6863573e+01  -1.6260222e+01  -1.0000000e+00
  -1.3914754e+01  -1.1114274e+01  -1.0000000e+00
  -1.6315189e+01  -1.2313845e+01  -1.0000000e+00
  -1.5132309e+01  -1.5886869e+01  -1.0000000e+00
  -1.8594438e+01  -1.5040995e+01  -1.0000000e+00
  -1.5372584e+01  -1.5698870e+01  -1.0000000e+00
  -1.4810372e+01  -1.9189988e+01  -1.0000000e+00
  -1.7879437e+01  -1.5067598e+01  -1.0000000e+00
  -1.5630120e+01  -1.5181031e+01  -1.0000000e+00
  -1.4415070e+01  -1.6291664e+01  -1.0000000e+00
  -1.4706306e+01  -1.3010953e+01  -1.0000000e+00
  -1.3817322e+01  -1.4100634e+01  -1.0000000e+00
  -1.8479158e+01  -1.3604385e+01  -1.0000000e+00
  -1.6911304e+01  -1.5056815e+01  -1.0000000e+00
  -1.6206731e+01  -1.5654245e+01  -1.0000000e+00
  -1.7400205e+01  -1.3606007e+01  -1.0000000e+00
  -1.8837787e+01  -1.3541557e+01  -1.0000000e+00
  -1.5051915e+01  -1.6316500e+01  -1.0000000e+00
  -1.6318647e+01  -1.2706369e+01  -1.0000000e+00
  -1.5423772e+01  -2.4086227e+01  -1.0000000e+00
  -1.6695249e+01  -1.3165788e+01  -1.0000000e+00
  -1.6064781e+01  -1.7072118e+01  -1.0000000e+00
  -1.3474616e+01  -1.3370331e+01  -1.0000000e+00
  -1.5497854e+01  -1.6341087e+01  -1.0000000e+00
  -1.4382475e+01  -1.0890016e+01  -1.0000000e+00
  -1.3728329e+01  -2.3873973e+01  -1.0000000e+00
  -1.4992533e+01  -1.4365187e+01  -1.0000000e+00
  -1.6529658e+01  -1.4312196e+01  -1.0000000e+00
  -1.6504206e+01  -1.4451706e+01  -1.0000000e+00
  -1.4925972e+01  -1.3304329e+01  -1.0000000e+00
  -1.6266815e+01  -1.3301309e+01  -1.0000000e+00
  -1.6189311e+01  -1.6677068e+01  -1.0000000e+00
  -1.8901537e+01  -1.8600195e+01  -1.0000000e+00
  -1.7940206e+01  -1.6350196e+01  -1.0000000e+00
  -1.5363610e+01  -1.4974464e+01  -1.0000000e+00
  -1.8053053e+01  -1.3870524e+01  -1.0000000e+00
  -1.5497082e+01  -9.6995786e+00  -1.0000000e+00
  -1.6829948e+01  -1.2959022e+01  -1.0000000e+00
  -1.4828121e+01  -1.7121940e+01  -1.0000000e+00
  -1.4373622e+01  -1.6657460e+01  -1.0000000e+00
  -1.6332159e+01  -1.7019918e+01  -1.0000000e+00
  -1.6446910e+01  -1.7046065e+01  -1.0000000e+00
  -1.7144128e+01  -1.9943020e+01  -1.0000000e+00
  -1.7414995e+01  -2.0002121e+01  -1.0000000e+00
  -1.6474421e+01  -1.9373287e+01  -1.0000000e+00
  -1.5391524e+01  -1.3151761e+01  -1.0000000e+00
  -1.7685381e+01  -1.6962336e+01  -1.0000000e+00
  -1.3520293e+01  -1.7012738e+01  -1.0000000e+00
  -1.9546349e+01  -1.3979856e+01  -1.0000000e+00
  -1.5002208e+01  -1.3880422e+01  -1.0000000e+00
  -1.4328204e+01  -1.1287259e+01  -1.0000000e+00
  -1.7808878e+01  -1.7464819e+01  -1.0000000e+00
  -1.6176445e+01  -4.5586649e+00  -1.0000000e+00
  -1.8322436e+01  -1.6312122e+01  -1.0000000e+00
  -1.6260767e+01  -8.4401473e+00  -1.0000000e+00
  -1.4584891e+01  -1.2387516e+01  -1.0000000e+00
  -1.6035148e+01  -1.5266010e+01  -1.0000000e+00
  -1.8397875e+01  -1.2346816e+01  -1.0000000e+00
  -1.2517481e+01  -1.9036046e+01  -1.0000000e+00
  -1.4679897e+01  -1.3509679e+01  -1.0000000e+00
  -1.3455083e+01  -1.4964598e+01  -1.0000000e+00
  -1.4357159e+01  -1.5058463e+01  -1.0000000e+00
  -1.2585592e+01  -1.7582902e+01  -1.0000000e+00
  -1.5103868e+01  -1.5817990e+01  -1.0000000e+00
  -1.7159298e+01  -1.3998554e+01  -1.0000000e+00
  -1.5881206e+01  -1.2996571e+01  -1.0000000e+00
  -1.6147568e+01  -2.0533046e+01  -1.0000000e+00
  -1.6861728e+01  -1.6696795e+01  -1.0000000e+00
  -1.8192580e+01  -1.3396052e+01  -1.0000000e+00
  -1.7365239e+01  -1.9086524e+01  -1.0000000e+00
  -1.4971227e+01  -1.8644695e+01  -1.0000000e+00
  -1.4795464e+01  -1.8483765e+01  -1.0000000e+00
  -1.4830227e+01  -1.9304296e+01  -1.0000000e+00
  -1.5176238e+01  -1.1756259e+01  -1.0000000e+00
  -1.6211184e+01  -2.0831705e+01  -1.0000000e+00
  -1.6155817e+01  -7.9501667e+00  -1.0000000e+00
  -1.3416725e+01  -2.3335427e+01  -1.0000000e+00
  -1.6392436e+01  -1.0202104e+01  -1.0000000e+00
  -1.5184351e+01  -1.8243804e+01  -1.0000000e+00
  -1.6771093e+01  -1.6156761e+01  -1.0000000e+00
  -1.5603671e+01  -1.3075856e+01  -1.0000000e+00
  -1.5011253e+01  -1.9090997e+01  -1.0000000e+00
  -1.7696902e+01  -1.9577614e+01  -1.0000000e+00
  -1.5890291e+01  -1.0894243e+01  -1.0000000e+00
  -1.7006109e+01  -1.0347157e+01  -1.0000000e+00
  -1.8605549e+01  -1.7900076e+01  -1.0000000e+00
  -1.8097782e+01  -1.5474869e+01  -1.0000000e+00
  -1.3828312e+01  -1.5939155e+01  -1.0000000e+00
  -1.5671621e+01  -1.6079604e+01  -1.0000000e+00
  -1.6559243e+01  -8.8381908e+00  -1.0000000e+00
  -1.5556777e+01  -9.9410383e+00  -1.0000000e+00
  -1.4951173e+01  -1.7182815e+01  -1.0000000e+00
  -1.4710548e+01  -1.7661530e+01  -1.0000000e+00
  -1.6885064e+01  -2.2331388e+01  -1.0000000e+00
  -1.4873066e+01  -1.7377926e+01  -1.0000000e+00
  -1.7374617e+01  -1.8496140e+01  -1.0000000e+00
  -1.5881184e+01  -1.3244200e+01  -1.0000000e+00
  -1.3541893e+01  -1.4207949e+01  -1.0000000e+00
  -1.5612937e+01  -1.8010888e+01  -1.0000000e+00
  -1.5454774e+01  -1.3846580e+01  -1.0000000e+00
  -1.6123691e+01  -2.3153737e+01  -1.0000000e+00
  -1.6110001e+01  -1.3630575e+01  -1.0000000e+00
  -1.7214017e+01  -1.5978240e+01  -1.0000000e+00
  -1.5747140e+01  -1.8056940e+01  -1.0000000e+00
  -1.6448739e+01  -2.1064003e+01  -1.0000000e+00
  -1.7058838e+01  -1.6945015e+01  -1.0000000e+00
  -1.8359216e+01  -2.3740001e+01  -1.0000000e+00
  -1.8256384e+01  -2.6222656e+01  -1.0000000e+00
  -1.7106964e+01  -2.0310105e+01  -1.0000000e+00
  -1.9293940e+01  -1.4245523e+01  -1.0000000e+00
  -1.5560681e+01  -1.3000433e+01  -1.0000000e+00
  -1.6999070e+01  -5.7369107e+00  -1.0000000e+00
  -1.7148430e+01  -1.7023689e+01  -1.0000000e+00
  -1.7608274e+01  -1.9526465e+01  -1.0000000e+00
  -1.5177187e+01  -1.0723281e+01  -1.0000000e+00
  -1.5930538e+01  -1.4878259e+01  -1.0000000e+00
  -1.7752414e+01  -1.7619368e+01  -1.0000000e+00
  -1.3551003e+01  -1.2260143e+01  -1.0000000e+00
  -1.7307553e+01  -1.0646042e+01  -1.0000000e+00
  -1.6287685e+01  -1.2113142e+01  -1.0000000e+00
  -1.7391454e+01  -1.1828326e+01  -1.0000000e+00
  -1.6704366e+01  -9.6801949e+00  -1.0000000e+00
  -1.4082819e+01  -7.3727653e+00  -1.0000000e+00
  -1.3068645e+01  -1.0982818e+01  -1.0000000e+00
  -1.5972247e+01  -1.6825452e+01  -1.0000000e+00
  -2.0667523e+01  -1.8589880e+01  -1.0000000e+00
  -1.8432744e+01  -8.1466921e+00  -1.0000000e+00
  -1.4405209e+01  -2.0702460e+01  -1.0000000e+00
  -1.8624268e+01  -1.7928997e+01  -1.0000000e+00
  -1.4393457e+01  -1.3974637e+01  -1.0000000e+00
  -1.4834836e+01  -1.4722293e+01  -1.0000000e+00
  -1.7812510e+01  -1.8290562e+01  -1.0000000e+00
  -1.4081371e+01  -1.4712651e+01  -1.0000000e+00
  -1.7817860e+01  -1.3433136e+01  -1.0000000e+00
  -1.7150557e+01  -1.7526764e+01  -1.0000000e+00
  -1.5967416e+01  -1.2502153e+01  -1.0000000e+00
  -1.6892010e+01  -1.7245120e+01  -1.0000000e+00
  -1.7467902e+01  -1.4736246e+01  -1.0000000e+00
  -1.5980867e+01  -1.7272968e+01  -1.0000000e+00
  -1.6941804e+01  -1.2329776e+01  -1.0000000e+00
  -1.6116070e+01  -1.7353648e+01  -1.0000000e+00
  -1.2161734e+01  -1.0206934e+01  -1.0000000e+00
  -1.7351641e+01  -1.0920251e+01  -1.0000000e+00
  -1.7014727e+01  -1.8238354e+01  -1.0000000e+00
  -1.5830939e+01  -1.7314793e+01  -1.0000000e+00
  -1.7766218e+01  -1.4170980e+01  -1.0000000e+00
  -1.6207262e+01  -1.3595796e+01  -1.0000000e+00
  -1.6094260e+01  -1.3265786e+01  -1.0000000e+00
  -1.5892775e+01  -2.1690745e+01  -1.0000000e+00
  -1.3382710e+01  -1.8886390e+01  -1.0000000e+00
  -1.5433807e+01  -1.6327062e+01  -1.0000000e+00
  -1.6500327e+01  -1.5887863e+01  -1.0000000e+00
  -1.6636444e+01  -1.4355587e+01  -1.0000000e+00
  -1.5336526e+01  -1.0908974e+01  -1.0000000e+00
  -1.6952040e+01  -2.0775901e+01  -1.0000000e+00
  -1.5173441e+01  -1.4434207e+01  -1.0000000e+00
  -1.5770835e+01  -1.1542110e+01  -1.0000000e+00
  -1.6677731e+01  -1.5895160e+01  -1.0000000e+00
  -1.5317832e+01  -1.5595646e+01  -1.0000000e+00
  -1.3468795e+01  -1.3834557e+01  -1.0000000e+00
  -1.4033341e+01  -1.5413014e+01  -1.0000000e+00
  -1.6922341e+01  -1.6325928e+01  -1.0000000e+00
  -1.6848037e+01  -7.0581611e+00  -1.0000000e+00
  -1.4720620e+01  -1.4614352e+01  -1.0000000e+00
  -1.6011699e+01  -1.4105087e+01  -1.0000000e+00
  -1.6494546e+01  -1.3257031e+01  -1.0000000e+00
  -1.8122715e+01  -1.1503753e+01  -1.0000000e+00
  -1.8160987e+01  -1.3041907e+01  -1.0000000e+00
  -1.8416564e+01  -1.1490440e+01  -1.0000000e+00
  -1.7036344e+01  -1.9624415e+01  -1.0000000e+00
  -1.5135560e+01  -2.2742582e+01  -1.0000000e+00
  -1.2835760e+01  -1.2505062e+01  -1.0000000e+00
  -1.4420769e+01  -1.4696561e+01  -1.0000000e+00
  -1.8979422e+01  -1.6135194e+01  -1.0000000e+00
  -1.2498781e+01  -9.8678110e+00  -1.0000000e+00
  -1.6450692e+01  -1.4844778e+01  -1.0000000e+00
  -1.6837664e+01  -1.3954296e+01  -1.0000000e+00
  -1.4138060e+01  -1.6884167e+01  -1.0000000e+00
  -1.6627861e+01  -1.2717661e+01  -1.0000000e+00
  -1.7103698e+01  -1.7479178e+01  -1.0000000e+00
  -1.7255511e+00  -5.1619838e+00   0.0000000e+00
   4.2358761e+00   3.1257728e+00   0.0000000e+00
   4.3950011e+00  -2.1800155e+00   0.0000000e+00
  -7.1441130e+00   2.4001961e+00   0.0000000e+00
   3.0384003e+00  -5.6285623e+00   0.0000000e+00
   5.2649450e+00   1.0351967e+00   0.0000000e+00
   7.4778777e+00   1.0343676e+00   0.0000000e+00
  -2.9236311e+00  -3.1947757e+00   0.0000000e+00
   2.7357437e+00  -5.7524138e+00   0.0000000e+00
  -3.1125952e-01   1.3304019e+00   0.0000000e+00
   3.2899479e+00  -3.4005322e+00   0.0000000e+00
  -1.2838603e+00   3.7703926e+00   0.0000000e+00
   7.4683633e-01   9.3325342e+00   0.0000000e+00
   7.4213265e-01   8.4115292e-02   0.0000000e+00
  -1.2717491e+00  -7.5522286e+00   0.0000000e+00
  -9.7046470e+00  -4.1399152e+00   0.0000000e+00
   3.7791863e+00  -1.2676698e+01   0.0000000e+00
   2.5916016e+00   3.6340145e+00   0.0000000e+00
   2.3860776e+00   3.0849910e+00   0.0000000e+00
   4.4174380e+00  -1.5414240e+00   0.0000000e+00
  -9.2828591e-02   1.6008138e+00   0.0000000e+00
  -3.5903144e+00  -1.3288311e+00   0.0000000e+00
  -7.4118558e+00  -1.9232154e+00   0.0000000e+00
   2.8492517e-01  -4.8673764e-01   0.0000000e+00
  -4.5306440e+00   9.5122869e-01   0.0000000e+00
  -6.2273838e-01  -7.7490110e-01   0.0000000e+00
   7.8711889e+00  -1.0250083e+00   0.0000000e+00
  -2.2901253e+00  -1.8644316e+00   0.0000000e+00
  -1.4207403e+00  -2.4068079e+00   0.0000000e+00
   2.6680783e+00  -3.8428691e+00   0.0000000e+00
   5.1041387e+00  -3.4055594e-01   0.0000000e+00
   2.2053997e-01   2.5277052e+00   0.0000000e+00
  -1.8119855e+00   1.2348043e+01   0.0000000e+00
  -3.9038753e+00  -1.7088230e+00   0.0000000e+00
   2.1147059e-01   4.1294995e+00   0.0000000e+00
   1.3363284e+00   1.9613774e+00   0.0000000e+00
  -1.3111858e+00   3.5360588e+00   0.0000000e+00
  -4.0501578e+00   3.8286401e+00   0.0000000e+00
   5.0097121e-01  -8.1398710e-01   0.0000000e+00
  -1.6703551e+00  -3.9493698e+00   0.0000000e+00
  -2.7983126e+00   4.4191971e+00   0.0000000e+00
   3.8622787e-01   3.7501127e+00   0.0000000e+00
  -5.3291505e+00  -1.0591474e+01   0.0000000e+00
  -6.4411911e-01  -7.0261902e-01   0.0000000e+00
  -3.0039038e+00   4.8226225e+00   0.0000000e+00
   8.2887660e+00   2.6645227e+00   0.0000000e+00
   2.1936100e+00   3.8529902e+00   0.0000000e+00
   4.0739613e+00  -4.4210259e-01   0.0000000e+00
  -7.4257968e+00  -1.3522748e+00   0.0000000e+00
   1.3392901e-01   1.3245986e+00   0.0000000e+00
  -4.0400675e+00  -4.8997373e+00   0.0000000e+00
  -1.1469997e+00   4.5846863e-01   0.0000000e+00
  -1.2398781e+00   6.6514264e-01   0.0000000e+00
   4.5924310e+00   4.2706701e+00   0.0000000e+00
  -3.3303786e+00  -2.7496940e+00   0.0000000e+00
   3.9279994e+00   2.5182937e+00   0.0000000e+00
   6.2561772e+00  -5.7023976e-01   0.0000000e+00
  -1.9039014e+00  -2.4524293e+00   0.0000000e+00
   4.9711518e+00  -7.8634984e+00   0.0000000e+00
   1.5478772e+00   5.0329682e+00   0.0000000e+00
  -1.6581558e+00  -4.9706588e+00   0.0000000e+00
  -5.7219472e+00  -2.7260086e+00   0.0000000e+00
   3.5502240e-01   3.6719703e+00   0.0000000e+00
   9.3705727e-01   5.8915500e+00   0.0000000e+00
   9.8268506e-01  -1.6334078e+00   0.0000000e+00
   3.4041949e+00  -3.3608329e+00   0.0000000e+00
  -2.1742833e+00   3.0468183e+00   0.0000000e+00
   4.3889712e+00   3.1062226e+00   0.0000000e+00
   4.2669586e-01  -3.6122213e+00   0.0000000e+00
   4.4764208e+00  -3.3826376e+00   0.0000000e+00
   4.0401007e+00   2.0091304e+00   0.0000000e+00
   4.1360423e+00  -6.9646772e+00   0.0000000e+00
  -1.5302944e+00   2.8878716e+00   0.0000000e+00
  -5.2458009e+00   2.5610571e+00   0.0000000e+00
  -4.4602093e-01  -4.8050318e+00   0.0000000e+00
   1.9367153e+00  -2.6370765e+00   0.0000000e+00
   5.0657346e+00  -2.4331898e+00   0.0000000e+00
   6.7773813e+00   2.0408582e+00   0.0000000e+00
   3.9591829e-01   5.9225592e+00   0.0000000e+00
  -7.7531158e-04   9.5561355e-01   0.0000000e+00
   1.5227067e+00   5.0944080e+00   0.0000000e+00
   4.5548000e+00  -2.3049615e+00   0.0000000e+00
  -5.7436631e-01   8.5749985e-01   0.0000000e+00
   8.9473964e-01   5.5324522e+00   0.0000000e+00
   3.7551218e+00  -1.8599122e+00   0.0000000e+00
   7.0439193e+00   1.6945949e+00   0.0000000e+00
   2.2335248e-02   8.3052374e-01   0.0000000e+00
   1.1014237e+00  -2.8287893e-01   0.0000000e+00
  -1.9387447e-01   1.2923833e+00   0.0000000e+00
   5.1795464e+00  -3.4359970e+00   0.0000000e+00
  -2.3997160e+00   1.6521070e+00   0.0000000e+00
   1.2591825e+00   4.4194011e+00   0.0000000e+00
   4.5928930e+00   4.6892433e-01   0.0000000e+00
  -1.6580476e+00   4.6270490e+00   0.0000000e+00
  -5.3117966e+00   1.0786971e+00   0.0000000e+00
  -1.2131250e+00  -4.8424653e+00   0.0000000e+00
  -1.6802487e+00   1.5406270e+00   0.0000000e+00
   4.4844525e+00  -2.6351400e+00   0.0000000e+00
  -2.1697046e-01   4.2220297e+00   0.0000000e+00
  -5.0784803e+00  -7.1461701e-01   0.0000000e+00
   6.2100493e+00  -1.9352696e+00   0.0000000e+00
  -2.3076138e-01  -6.4864492e+00   0.0000000e+00
  -1.0328278e+00   4.5924166e+00   0.0000000e+00
   8.3807608e-01   1.0321949e-01   0.0000000e+00
   3.7249588e-01  -2.7539381e+00   0.0000000e+00
   2.7297744e+00  -2.9346906e+00   0.0000000e+00
   3.6802145e+00  -7.2269890e+00   0.0000000e+00
   6.4234451e-01  -5.9617229e+00   0.0000000e+00
   4.2631820e-01   1.1871365e+00   0.0000000e+00
  -7.6137539e-01  -5.8429961e+00   0.0000000e+00
   1.0222302e+01  -8.9161185e+00   0.0000000e+00
   1.6532110e+00   6.9871609e-01   0.0000000e+00
  -3.8502094e+00   3.3628653e+00   0.0000000e+00
  -3.7160649e+00   6.6805074e+00   0.0000000e+00
  -7.5233919e-01  -2.7645938e+00   0.0000000e+00
   4.2730991e+00  -1.7819664e+00   0.0000000e+00
  -5.7748819e-01  -1.2454689e+00   0.0000000e+00
  -2.3501066e+00   4.5122534e+00   0.0000000e+00
  -5.7629178e-02  -3.2302935e+00   0.0000000e+00
   3.0790342e-01  -3.6605648e+00   0.0000000e+00
  -2.4125800e+00   4.4707032e+00   0.0000000e+00
   2.7993531e-01   9.6927431e+00   0.0000000e+00
   2.5428600e+00  -6.6721518e+00   0.0000000e+00
   1.1700759e+01   1.5720191e+00   0.0000000e+00
  -1.0366789e+00  -7.4475366e+00   0.0000000e+00
  -9.2807914e-01  -5.0301527e+00   0.0000000e+00
  -1.9306644e+00   1.1297246e+00   0.0000000e+00
  -3.5698554e+00  -1.1646314e+00   0.0000000e+00
   5.0136178e+00   1.8660342e+00   0.0000000e+00
  -5.6192940e+00  -1.6477193e+00   0.0000000e+00
  -4.4204049e+00  -6.5346868e-01   0.0000000e+00
   9.9241237e+00   4.5716406e+00   0.0000000e+00
   9.8974197e+00   2.3383562e+00   0.0000000e+00
   1.4025058e+00   5.3790419e+00   0.0000000e+00
   3.4000037e+00   6.4470951e-02   0.0000000e+00
  -9.9456188e-01  -2.5116747e-01   0.0000000e+00
   2.6915144e+00  -4.2918251e+00   0.0000000e+00
  -5.6174219e+00   3.3175680e-02   0.0000000e+00
   6.3461788e-01  -2.7115480e+00   0.0000000e+00
   2.8895197e+00  -7.0002687e+00   0.0000000e+00
   1.6260580e+00   7.2629970e+00   0.0000000e+00
   9.6639372e+00   4.6104999e-01   0.0000000e+00
   6.2509690e-01  -8.7433564e+00   0.0000000e+00
   1.4521983e+00   8.7995575e+00   0.0000000e+00
  -3.9248389e+00  -8.3707905e-01   0.0000000e+00
   1.9397093e+00   1.5735109e+00   0.0000000e+00
   2.0450055e+00   6.1132917e-01   0.0000000e+00
  -3.2399756e+00   1.6046348e+00   0.0000000e+00
  -6.9820559e+00   8.8303782e+00   0.0000000e+00
  -3.5841639e+00   1.0621656e+00   0.0000000e+00
  -9.1687700e-01  -3.4652686e+00   0.0000000e+00
  -4.4632432e+00  -3.7061287e+00   0.0000000e+00
   4.5869421e+00  -3.8697259e+00   0.0000000e+00
   2.0143907e+00   3.6581970e+00   0.0000000e+00
   6.8334996e+00   2.2197298e+00   0.0000000e+00
   1.7636285e+00   4.4896359e+00   0.0000000e+00
  -1.9676052e+00   1.0957043e+00   0.0000000e+00
  -2.3748228e+00  -4.1809246e+00   0.0000000e+00
  -5.5214911e-01   4.0573243e+00   0.0000000e+00
   1.8482460e+00   1.0876067e+00   0.0000000e+00
  -3.4074598e+00   5.3422975e+00   0.0000000e+00
  -3.8054454e+00  -2.2569418e+00   0.0000000e+00
  -5.9874611e-01  -1.6105450e+00   0.0000000e+00
   9.2351303e-01   1.0717897e+01   0.0000000e+00
  -1.6536636e+00   2.0635453e+00   0.0000000e+00
  -6.6596423e+00   1.8507431e-01   0.0000000e+00
  -3.6060289e+00  -4.0402623e-01   0.0000000e+00
  -8.3426649e+00   2.0891049e+00   0.0000000e+00
   1.3890324e+00  -1.8371549e+00   0.0000000e+00
  -1.1017027e+00  -3.7530091e-02   0.0000000e+00
  -1.2785015e+00  -1.3108849e+00   0.0000000e+00
  -4.5066474e+00  -1.2111769e+00   0.0000000e+00
   1.1080807e-01   7.9408345e+00   0.0000000e+00
  -3.6778290e-01   4.0122933e+00   0.0000000e+00
   4.0427581e+00  -9.7832299e-01   0.0000000e+00
   5.1755826e+00   2.7855571e-01   0.0000000e+00
  -2.2166641e+00  -2.1294968e+00   0.0000000e+00
  -5.2054195e-01   3.3554377e-01   0.0000000e+00
   1.2725724e+00  -9.8504852e-01   0.0000000e+00
   1.6874133e+00   3.4547049e+00   0.0000000e+00
   1.5844513e+00  -9.3448855e-01   0.0000000e+00
  -3.3483099e+00   4.3564385e+00   0.0000000e+00
   2.6555779e+00  -6.9399798e-01   0.0000000e+00
   4.3025307e+00   3.9979735e-01   0.0000000e+00
   5.9340441e+00   2.2222253e-01   0.0000000e+00
  -7.9999462e+00   2.4243327e+00   0.0000000e+00
  -9.3856390e+00  -1.1123971e-01   0.0000000e+00
   3.8710992e-01  -2.4388991e+00   0.0000000e+00
   1.0649944e+00   1.5270524e+00   0.0000000e+00
  -2.2120741e+00   2.8286588e+00   0.0000000e+00
   7.7827803e-01  -3.0356469e+00   0.0000000e+00
  -3.1177109e+00  -4.8845416e-01   0.0000000e+00
  -1.2257446e+00   8.0649614e-01   0.0000000e+00
  -4.3272433e-01   2.2947436e+00   0.0000000e+00
  -2.8244760e-01  -2.3421231e+00   0.0000000e+00
   1.7851840e+00  -1.4596134e+00   0.0000000e+00
  -4.0451951e+00  -7.9266264e+00   0.0000000e+00
   7.6869506e+00  -2.8464946e-02   0.0000000e+00
  -4.6801794e+00   6.1806980e+00   0.0000000e+00
  -2.7923375e+00  -5.0648766e+00   0.0000000e+00
   1.8192421e+00  -6.3760926e+00   0.0000000e+00
  -4.0558060e-01  -4.5082176e+00   0.0000000e+00
   3.0563948e+00  -4.6860865e+00   0.0000000e+00
  -2.3539841e+00   6.5556649e-01   0.0000000e+00
  -1.0217214e-01   1.9045685e+00   0.0000000e+00
   7.5063459e-01   3.0857169e+00   0.0000000e+00
  -2.9500164e+00   7.9819389e-01   0.0000000e+00
   3.3851350e+00   4.6771841e+00   0.0000000e+00
   4.6661292e+00  -8.7553657e-02   0.0000000e+00
   1.8979311e+00  -4.2232182e+00   0.0000000e+00
   2.5455994e+00  -2.3373669e-01   0.0000000e+00
   1.4666433e+00  -5.2698874e+00   0.0000000e+00
  -2.5565868e+00   2.7540899e-01   0.0000000e+00
  -4.3133929e+00   2.2870795e-01   0.0000000e+00
   2.7550340e+00   9.2288629e-01   0.0000000e+00
  -3.0859987e+00   1.0733466e+00   0.0000000e+00
   2.9706360e-01   3.5365808e+00   0.0000000e+00
   8.7608270e-01  -1.6651420e+00   0.0000000e+00
   5.2072655e-01   4.5163413e+00   0.0000000e+00
   4.6204503e+00   3.8349679e-01   0.0000000e+00
   5.0269034e+00  -5.6507725e+00   0.0000000e+00
  -2.4072769e+00  -5.0034525e+00   0.0000000e+00
   4.7290037e+00  -3.7497802e+00   0.0000000e+00
  -3.1987928e+00   1.4484988e+00   0.0000000e+00
   4.1630254e+00   4.9900910e+00   0.0000000e+00
   1.6956363e+00  -7.2906308e-01   0.0000000e+00
  -3.6566379e+00   5.1879173e+00   0.0000000e+00
  -6.2627929e+00   4.9840759e+00   0.0000000e+00
  -5.2012250e-02  -1.4833259e+00   0.0000000e+00
   1.7636092e+00   4.3748303e+00   0.0000000e+00
   2.7558489e+00   4.3934103e+00   0.0000000e+00
   3.5934683e+00   5.5773392e+00   0.0000000e+00
  -3.8014334e+00   4.5130276e+00   0.0000000e+00
  -7.0051731e+00   7.6716288e+00   0.0000000e+00
  -3.1796542e+00  -1.3067315e+00   0.0000000e+00
   1.1445430e+01  -4.8620807e+00   0.0000000e+00
   5.0448545e-01  -6.0782179e+00   0.0000000e+00
   3.2940622e+00  -5.2124516e+00   0.0000000e+00
  -1.5604266e+00   6.7519949e+00   0.0000000e+00
  -8.2624790e-01  -2.0889010e+00   0.0000000e+00
   2.4481058e+00   7.5099440e+00   0.0000000e+00
   2.8105304e+00  -8.4701800e+00   0.0000000e+00
   6.5586420e+00   1.7042919e+00   0.0000000e+00
  -1.0375868e+00   2.4512437e+00   0.0000000e+00
   2.2263929e+00  -2.8763195e+00   0.0000000e+00
   2.9473142e-01  -1.9496235e-01   0.0000000e+00
  -4.3647818e+00   6.3419509e-01   0.0000000e+00
  -4.0441586e-01   1.0413872e+01   0.0000000e+00
   3.0391264e+00  -3.8924904e+00   0.0000000e+00
  -5.3801237e+00   7.0311666e+00   0.0000000e+00
  -4.9736203e+00  -4.7431679e+00   0.0000000e+00
  -9.0435139e-02  -5.6545478e+00   0.0000000e+00
   2.9776331e+00   3.9029489e+00   0.0000000e+00
   2.9672801e+00   2.4262050e+00   0.0000000e+00
  -5.9119946e+00   3.9981386e+00   0.0000000e+00
   2.7396487e+00  -4.4789643e+00   0.0000000e+00
  -7.3117125e+00  -2.1423895e+00   0.0000000e+00
  -1.6158692e+00  -1.2109669e+00   0.0000000e+00
   4.7544201e+00  -3.5676838e+00   0.0000000e+00
   2.7152930e+00  -2.0274182e+00   0.0000000e+00
  -2.1310123e+00  -1.4018171e+00   0.0000000e+00
   2.6100680e+00  -2.0211521e+00   0.0000000e+00
  -1.9126502e+00  -4.2381282e+00   0.0000000e+00
  -6.2211850e+00   6.7114566e+00   0.0000000e+00
  -1.5548895e+00   3.9000033e+00   0.0000000e+00
  -4.4608123e-01  -5.1867583e+00   0.0000000e+00
  -3.1282828e+00   3.0733048e+00   0.0000000e+00
  -8.0251228e-01  -1.8971306e+00   0.0000000e+00
  -1.0310695e+01  -7.7885492e-01   0.0000000e+00
   4.3521264e+00   7.4401135e+00   0.0000000e+00
   3.5865727e+00   8.5346295e+00   0.0000000e+00
  -8.6161525e-01   8.1967688e-01   0.0000000e+00
  -3.0461791e+00  -2.0974468e+00   0.0000000e+00
  -8.9283661e-01  -5.2317769e+00   0.0000000e+00
   1.8705250e+00   4.0687778e+00   0.0000000e+00
   1.8495187e+00  -7.9214486e+00   0.0000000e+00
   3.9426974e+00  -5.4772396e+00   0.0000000e+00
   3.4513525e+00  -7.3343514e+00   0.0000000e+00
   8.1325375e+00  -8.5429105e-01   0.0000000e+00
  -1.4052262e+00   7.7154463e+00   0.0000000e+00
  -3.3289617e+00  -5.8656260e+00   0.0000000e+00
   8.1339582e+00   2.6021954e+00   0.0000000e+00
  -1.8902499e-01   3.8807657e+00   0.0000000e+00
  -8.0359357e+00   5.9839124e+00   0.0000000e+00
  -3.9946945e+00   5.5695281e+00   0.0000000e+00
  -2.0549195e+00  -4.8788421e+00   0.0000000e+00
  -1.1773417e+00   2.2619245e+00   0.0000000e+00
   7.1959736e-01   3.6197927e+00   0.0000000e+00
   4.8990415e-01   3.3390363e+00   0.0000000e+00
   1.9224539e+00  -1.8288904e+00   0.0000000e+00
  -1.6102110e+00  -2.5665770e+00   0.0000000e+00
   4.7786327e+00   1.4444785e+00   0.0000000e+00
  -3.9157279e+00  -1.2359296e+00   0.0000000e+00
   4.4806158e+00  -2.6670954e+00   0.0000000e+00
  -7.3445158e+00   5.9665978e+00   0.0000000e+00
   4.1806413e+00   1.2029829e+00   0.0000000e+00
  -1.5269929e+00   8.6817946e-02   0.0000000e+00
   5.0652621e+00  -3.9170710e+00   0.0000000e+00
   3.2076020e+00   1.3800227e-01   0.0000000e+00
   1.9932314e+00   2.4520041e-02   0.0000000e+00
   4.3456549e+00   5.0958609e-01   0.0000000e+00
   1.4818664e+00  -3.8722297e-01   0.0000000e+00
  -2.2081341e+00  -7.9186312e+00   0.0000000e+00
   8.6771224e-01  -6.7013129e+00   0.0000000e+00
   2.2587288e+00  -7.6760758e-01   0.0000000e+00
  -6.8920176e+00   2.7058372e+00   0.0000000e+00
   6.9795860e+00   6.3303758e+00   0.0000000e+00
   3.8074222e-01   5.3312130e+00   0.0000000e+00
  -2.8292085e+00  -9.8981915e-01   0.0000000e+00
  -3.6764394e+00  -4.8602163e+00   0.0000000e+00
   4.4947517e-01   2.5290328e+00   0.0000000e+00
  -4.7646386e-02   8.3438959e-01   0.0000000e+00
   2.4343177e+00  -7.5058391e+00   0.0000000e+00
  -4.8957873e+00  -5.0924505e+00   0.0000000e+00
   2.5444576e-01  -1.7228889e+00   0.0000000e+00
  -3.0428003e+00   1.4071820e+00   0.0000000e+00
  -3.9836357e+00   2.9820240e+00   0.0000000e+00
  -2.1087202e+00   5.0986723e+00   0.0000000e+00
   5.2668168e+00  -1.4603233e+00   0.0000000e+00
   6.3162940e+00  -1.5169435e+00   0.0000000e+00
  -6.6066738e-01  -5.4370938e+00   0.0000000e+00
   7.9116525e+00   2.8040774e+00   0.0000000e+00
  -5.6550147e+00   2.2591904e+00   0.0000000e+00
   1.4790511e+00   5.9024806e+00   0.0000000e+00
   7.5620811e+00  -9.9240322e-01   0.0000000e+00
  -2.0720324e+00  -8.9185089e+00   0.0000000e+00
  -5.9076556e+00  -1.1721109e+01   0.0000000e+00
   6.2676334e+00  -3.7094734e+00   0.0000000e+00
   6.1323547e+00   1.2760899e+00   0.0000000e+00
   3.7226860e+00   5.1755488e+00   0.0000000e+00
  -1.7906525e+00  -5.3667144e+00   0.0000000e+00
   4.8423299e+00  -1.6860382e+00   0.0000000e+00
   2.7945140e+00  -4.1645022e+00   0.0000000e+00
  -3.4409895e+00  -2.1748361e+00   0.0000000e+00
   4.4567236e-01   2.6607956e+00   0.0000000e+00
  -1.3652688e+00  -3.4341497e+00   0.0000000e+00
   6.5593255e+00   1.0064293e+00   0.0000000e+00
  -6.6247275e-01   7.3188732e-01   0.0000000e+00
  -1.3281241e-01  -7.9901094e-01   0.0000000e+00
   3.6642973e+00   1.1236474e+00   0.0000000e+00
  -5.2120427e+00   3.9009071e+00   0.0000000e+00
  -1.0200935e+01   1.5393855e-02   0.0000000e+00
   2.3573863e+00   4.4376222e-01   0.0000000e+00
  -3.3485708e+00  -9.0950281e-01   0.0000000e+00
  -1.2555278e-02  -5.3866213e+00   0.0000000e+00
   9.1495821e-01   3.2755516e+00   0.0000000e+00
   3.5022321e+00  -1.4041716e-01   0.0000000e+00
  -2.7673697e+00   1.5925840e+00   0.0000000e+00
  -6.3628998e+00   7.8053901e-01   0.0000000e+00
  -1.2831026e+00   6.1917140e-01   0.0000000e+00
  -1.8294401e+00   2.6838323e+00   0.0000000e+00
  -3.0456199e+00   1.8333927e+00   0.0000000e+00
  -6.3912029e+00   1.3691470e-01   0.0000000e+00
   4.5439899e+00   2.0047682e+00   0.0000000e+00
  -3.6079527e-01  -3.3695133e+00   0.0000000e+00
   1.7052606e+00   2.6617271e+00   0.0000000e+00
   5.3297765e+00   2.3251594e+00   0.0000000e+00
  -3.1464752e+00  -2.8903420e-01   0.0000000e+00
   1.7026254e+00  -4.5061996e+00   0.0000000e+00
   4.8553219e+00  -4.0490070e+00   0.0000000e+00
   9.3128713e-01   4.5198559e+00   0.0000000e+00
   4.9285296e+00  -5.0358474e+00   0.0000000e+00
   7.4234597e-02  -1.8132916e+00   0.0000000e+00
   5.3754452e+00  -3.1948625e-02   0.0000000e+00
  -8.6984217e-02  -5.3049751e-01   0.0000000e+00
  -2.5029535e+00  -2.2662760e+00   0.0000000e+00
   3.7162510e+00   6.4580017e+00   0.0000000e+00
  -7.5002096e+00   4.2353973e+00   0.0000000e+00
  -7.7918534e+00   6.7412211e+00   0.0000000e+00
   4.3370742e+00  -1.9071775e+00   0.0000000e+00
   1.6446053e+00  -1.5172639e+00   0.0000000e+00
   2.2754110e+00   4.1085883e+00   0.0000000e+00
  -8.7881871e-01   2.3097047e+00   0.0000000e+00
   4.7738497e+00  -3.9461037e+00   0.0000000e+00
  -6.5579328e-01   8.1298719e-01   0.0000000e+00
   1.8100662e+00   5.4770299e+00   0.0000000e+00
  -3.4671522e+00   2.4607186e+00   0.0000000e+00
   6.0701339e+00   8.3048096e+00   0.0000000e+00
   4.3873516e+00  -1.2255114e-01   0.0000000e+00
   3.2079069e-01   6.5199648e+00   0.0000000e+00
  -1.0270779e+01   1.5799054e+00   0.0000000e+00
  -7.3944734e+00  -2.2178680e+00   0.0000000e+00
  -2.5220564e+00  -3.6324756e+00   0.0000000e+00
   2.0066353e+00  -6.1939470e-02   0.0000000e+00
   3.0478303e+00  -9.7959457e-01   0.0000000e+00
  -1.7024622e+00   7.3124622e-01   0.0000000e+00
  -3.2776674e+00   8.5915063e-01   0.0000000e+00
  -1.1551613e+00  -1.3236465e+00   0.0000000e+00
   4.5244500e+00   2.3341516e+00   0.0000000e+00
  -6.0520927e+00   1.9147564e+00   0.0000000e+00
   5.4503141e+00  -5.2561128e+00   0.0000000e+00
  -5.6836026e+00   2.3769677e+00   0.0000000e+00
   6.8692205e+00   7.7821887e+00   0.0000000e+00
   4.0246055e+00  -1.9128351e+00   0.0000000e+00
  -6.9511122e+00  -7.5419182e-01   0.0000000e+00
   6.9496766e-01  -2.5483082e+00   0.0000000e+00
  -1.1834707e+01  -7.1587370e+00   0.0000000e+00
   3.6093213e+00   7.5525287e-01   0.0000000e+00
   1.3857886e+00  -3.9543966e+00   0.0000000e+00
  -2.3119183e+00   1.2268949e-01   0.0000000e+00
   7.0939469e-01   6.1934625e+00   0.0000000e+00
  -2.2268780e+00  -3.5088859e+00   0.0000000e+00
  -3.7808681e+00   1.5377051e+00   0.0000000e+00
  -1.7586090e+00   1.2688572e+00   0.0000000e+00
   1.8430277e+00  -5.3328263e-01   0.0000000e+00
  -3.6568853e+00   4.6038342e-01   0.0000000e+00
  -3.0600481e+00  -2.1927689e+00   0.0000000e+00
   2.2014677e+00   7.1735243e+00   0.0000000e+00
  -3.9909481e+00  -2.0888723e+00   0.0000000e+00
   3.3758784e+00  -2.2912142e+00   0.0000000e+00
   3.5174451e+00   3.4852475e+00   0.0000000e+00
   5.8061007e+00   5.5917655e+00   0.0000000e+00
   1.5944815e+00   1.3954377e+00   0.0000000e+00
  -6.0618489e+00   5.5616262e-01   0.0000000e+00
   2.1335748e+00  -1.1484402e+00   0.0000000e+00
   7.1204971e+00  -1.1093581e+01   0.0000000e+00
   7.7489414e+00   2.7157868e+00   0.0000000e+00
   4.7385781e+00  -1.0946056e+00   0.0000000e+00
  -5.4803254e+00   5.8183714e-02   0.0000000e+00
  -4.3933079e+00  -3.8017605e+00   0.0000000e+00
  -6.2649368e+00  -2.5676325e+00   0.0000000e+00
   3.8755117e+00  -2.8934764e-02   0.0000000e+00
   5.7381635e-01  -1.1497115e+00   0.0000000e+00
  -2.7236782e+00  -9.5925200e-02   0.0000000e+00
   1.3127206e+00  -2.1125765e+00   0.0000000e+00
  -3.0435434e+00  -2.8293113e+00   0.0000000e+00
   6.0082967e+00  -3.4176910e+00   0.0000000e+00
  -2.8019099e+00  -1.6225651e+00   0.0000000e+00
   1.1299533e+00   1.5219501e+00   0.0000000e+00
   8.8868077e-01  -3.2456005e+00   0.0000000e+00
  -2.2020020e+00  -1.2355791e+00   0.0000000e+00
  -9.2673303e-01   3.3255365e+00   0.0000000e+00
  -9.5009910e-02   9.7061271e-01   0.0000000e+00
   4.6613477e+00   5.7648923e+00   0.0000000e+00
   1.8064398e+00   9.6209898e-01   0.0000000e+00
  -5.9225264e+00  -1.4007748e+00   0.0000000e+00
  -2.0437557e+00  -6.5441574e+00   0.0000000e+00
   4.0002356e+00   1.2379038e+01   0.0000000e+00
   1.9567411e-01  -5.5466565e+00   0.0000000e+00
   7.4698811e+00  -1.3770315e+00   0.0000000e+00
   1.1475134e+00  -2.3505115e+00   0.0000000e+00
  -5.2786767e+00   6.1710281e+00   0.0000000e+00
  -5.2706170e+00   2.7380699e+00   0.0000000e+00
   2.5031868e+00  -3.2492815e+00   0.0000000e+00
  -9.0839361e-01  -3.9108240e+00   0.0000000e+00
  -2.3975079e+00  -4.7729314e+00   0.0000000e+00
  -1.7240278e+00  -1.6532724e+00   0.0000000e+00
   1.1719878e+00   3.2027893e+00   0.0000000e+00
  -1.8280613e+00   3.4137576e+00   0.0000000e+00
   2.9749042e+00   9.0372495e-02   0.0000000e+00
   3.4593239e-01   9.1546509e+00   0.0000000e+00
   2.5131714e+00  -1.0756498e+00   0.0000000e+00
   2.4931277e-01  -3.1233228e+00   0.0000000e+00
  -6.7313869e+00   4.9730821e+00   0.0000000e+00
  -5.9612459e-02   1.1625625e-01   0.0000000e+00
  -6.8693418e+00  -1.0549392e+01   0.0000000e+00
   2.0432979e+00   4.9090703e+00   0.0000000e+00
   3.7414394e+00  -1.2887135e+00   0.0000000e+00
   5.8196235e+00   6.8463370e-01   0.0000000e+00
   1.0596237e+00   2.1287537e-01   0.0000000e+00
   3.6307617e-01   5.7553995e+00   0.0000000e+00
   1.7552185e-01  -3.8884997e+00   0.0000000e+00
  -6.4670204e-01   5.8071800e+00   0.0000000e+00
  -3.7719436e+00  -2.7325929e+00   0.0000000e+00
   2.8345514e+00  -1.4274847e+00   0.0000000e+00
  -3.5061888e+00  -7.0521004e+00   0.0000000e+00
  -3.6696195e+00  -3.1233218e+00   0.0000000e+00
  -6.5040390e+00   3.8066181e+00   0.0000000e+00
  -7.7106806e+00   7.6928265e-01   0.0000000e+00
   3.0412454e+00   3.5110169e+00   0.0000000e+00
   1.8088449e-01  -2.9399045e+00   0.0000000e+00
   6.2258658e-01  -5.8350237e+00   0.0000000e+00
  -5.4613453e+00  -7.5119601e-01   0.0000000e+00
  -4.2565865e+00  -1.6593076e+00   0.0000000e+00
   2.7390235e+00  -3.4580672e+00   0.0000000e+00
  -7.0518351e-01   7.4674787e+00   0.0000000e+00
  -1.3284845e+00  -5.1061502e+00   0.0000000e+00
   5.6994870e+00  -7.9178906e-01   0.0000000e+00
  -3.8490927e+00   9.1722734e-01   0.0000000e+00
   2.2943620e+00   7.9401563e+00   0.0000000e+00
  -1.0643201e+00  -3.7984214e-01   0.0000000e+00
   3.1807391e+00   6.9977067e+00   0.0000000e+00
   5.9889890e-01  -4.3934911e+00   0.0000000e+00
  -3.2709243e+00  -7.1164500e+00   0.0000000e+00
  -7.0293879e-01  -1.1536006e+00   0.0000000e+00
   1.9982609e+00  -8.8967035e-01   0.0000000e+00
   1.0296183e+01   2.3899421e+00   0.0000000e+00
  -7.4879644e+00   2.8158320e+00   0.0000000e+00
  -6.0175659e+00   3.3408407e+00   0.0000000e+00
   3.7084166e+00  -5.8311556e+00   0.0000000e+00
  -2.7249665e+00   8.0525708e+00   0.0000000e+00
  -9.5587536e+00   4.7857382e+00   0.0000000e+00
   1.0638691e+00  -4.1262605e+00   0.0000000e+00
   1.0596268e+01   4.9447275e+00   0.0000000e+00
   6.2715974e-01   2.1097362e+00   0.0000000e+00
  -5.8235380e+00  -3.4193651e+00   0.0000000e+00
   4.9087702e-01  -1.0377593e+00   0.0000000e+00
  -1.9848454e+00   4.7163299e+00   0.0000000e+00
  -3.6296445e+00   5.6085582e+00   0.0000000e+00
   6.5271252e+00  -2.9955012e+00   0.0000000e+00
