  -1.1424076e+01  -1.0581530e+01   1.0000000e+00
  -1.0123629e+01  -1.4038839e+01   1.0000000e+00
  -8.3740847e+00  -6.9136263e+00   1.0000000e+00
  -1.0271501e+01  -9.8299755e+00   1.0000000e+00
  -9.6163696e+00  -1.0347928e+01   1.0000000e+00
  -7.3873182e+00  -1.0608458e+01   1.0000000e+00
  -8.8640852e+00  -8.1237140e+00   1.0000000e+00
  -9.9470994e+00  -1.0340224e+01   1.0000000e+00
  -8.7916082e+00  -9.5500436e+00   1.0000000e+00
  -1.0294415e+01  -1.1798656e+01   1.0000000e+00
  -8.8696347e+00  -9.2125956e+00   1.0000000e+00
  -1.1246263e+01  -8.5598303e+00   1.0000000e+00
  -8.9692132e+00  -1.1402251e+01   1.0000000e+00
  -1.1488482e+01  -7.8548807e+00   1.0000000e+00
  -1.0097176e+01  -7.0986499e+00   1.0000000e+00
  -9.8011614e+00  -7.6166952e+00   1.0000000e+00
  -6.0834374e+00  -9.1703089e+00   1.0000000e+00
  -1.1892712e+01  -1.0419426e+01   1.0000000e+00
  -9.9501282e+00  -1.1238475e+01   1.0000000e+00
  -1.0563363e+01  -1.0261762e+01   1.0000000e+00
  -1.0603000e+01  -1.1383574e+01   1.0000000e+00
  -1.0940176e+01  -1.0575077e+01   1.0000000e+00
  -6.0260553e+00  -9.5904141e+00   1.0000000e+00
  -7.3553325e+00  -1.2738510e+01   1.0000000e+00
  -1.1914616e+01  -7.6491258e+00   1.0000000e+00
  -8.4959817e+00  -1.0461565e+01   1.0000000e+00
  -1.0073661e+01  -1.2580017e+01   1.0000000e+00
  -9.1396962e+00  -9.2577911e+00   1.0000000e+00
  -1.2660642e+01  -9.4822803e+00   1.0000000e+00
  -9.5673661e+00  -8.3224674e+00   1.0000000e+00
  -1.1086693e+01  -1.1483145e+01   1.0000000e+00
  -8.9725226e+00  -1.2875086e+01   1.0000000e+00
  -1.1014664e+01  -1.0765875e+01   1.0000000e+00
  -7.6422967e+00  -7.2279286e+00   1.0000000e+00
  -1.0749824e+01  -1.1418273e+01   1.0000000e+00
  -1.1005680e+01  -8.8538087e+00   1.0000000e+00
  -9.7477773e+00  -9.0317725e+00   1.0000000e+00
  -1.2912866e+01  -1.2272725e+01   1.0000000e+00
  -1.1003204e+01  -1.2142678e+01   1.0000000e+00
  -1.1025375e+01  -9.2878524e+00   1.0000000e+00
  -9.5762620e+00  -1.0886253e+01   1.0000000e+00
  -1.1040998e+01  -8.2032023e+00   1.0000000e+00
  -8.2720613e+00  -8.3768184e+00   1.0000000e+00
  -1.0687888e+01  -7.7304347e+00   1.0000000e+00
  -8.3928685e+00  -8.8986980e+00   1.0000000e+00
  -1.2066671e+01  -7.2289579e+00   1.0000000e+00
  -9.1922349e+00  -1.1158853e+01   1.0000000e+00
  -1.1770222e+01  -7.9209691e+00   1.0000000e+00
  -1.1484808e+01  -6.9910640e+00   1.0000000e+00
  -8.2554488e+00  -8.6271737e+00   1.0000000e+00
  -1.1275774e+01  -1.4283360e+01   1.0000000e+00
  -7.1099253e+00  -1.2342757e+01   1.0000000e+00
  -9.1519991e+00  -9.4932608e+00   1.0000000e+00
  -8.8727824e+00  -1.1080549e+01   1.0000000e+00
  -1.0417691e+01  -1.1656486e+01   1.0000000e+00
  -8.3385842e+00  -9.5006598e+00   1.0000000e+00
  -1.1944446e+01  -7.7620995e+00   1.0000000e+00
  -1.0468688e+01  -9.7580625e+00   1.0000000e+00
  -9.7325453e+00  -1.0185540e+01   1.0000000e+00
  -9.2264391e+00  -1.1181445e+01   1.0000000e+00
  -1.0037580e+01  -9.5449108e+00   1.0000000e+00
  -9.6682485e+00  -1.0789473e+01   1.0000000e+00
  -9.7274842e+00  -9.0246195e+00   1.0000000e+00
  -8.5550824e+00  -9.1465836e+00   1.0000000e+00
  -1.1718066e+01  -1.4242521e+01   1.0000000e+00
  -1.1329797e+01  -1.3252815e+01   1.0000000e+00
  -7.9467232e+00  -8.3189407e+00   1.0000000e+00
  -1.0186485e+01  -1.0056212e+01   1.0000000e+00
  -9.4819610e+00  -1.1295411e+01   1.0000000e+00
  -9.5816098e+00  -1.0928064e+01   1.0000000e+00
  -6.6930861e+00  -1.3876226e+01   1.0000000e+00
  -9.5280804e+00  -1.1568801e+01   1.0000000e+00
  -8.3358155e+00  -1.0772257e+01   1.0000000e+00
  -1.0613776e+01  -1.3127095e+01   1.0000000e+00
  -1.1392014e+01  -9.1188926e+00   1.0000000e+00
  -1.2625207e+01  -1.0112334e+01   1.0000000e+00
  -9.2284919e+00  -9.8199174e+00   1.0000000e+00
  -8.2871007e+00  -4.9623990e+00   1.0000000e+00
  -7.0689924e+00  -1.0279893e+01   1.0000000e+00
  -1.2955579e+01  -9.7976874e+00   1.0000000e+00
  -1.0754682e+01  -8.5886522e+00   1.0000000e+00
  -1.1925089e+01  -1.1470682e+01   1.0000000e+00
  -9.8874972e+00  -8.3197501e+00   1.0000000e+00
  -9.4173936e+00  -9.3849089e+00   1.0000000e+00
  -1.0420195e+01  -8.7222160e+00   1.0000000e+00
  -1.0411511e+01  -9.3984057e+00   1.0000000e+00
  -8.5918263e+00  -1.5080560e+01   1.0000000e+00
  -9.9494835e+00  -1.0841632e+01   1.0000000e+00
  -1.2555462e+01  -6.1704538e+00   1.0000000e+00
  -8.6132620e+00  -8.2570499e+00   1.0000000e+00
  -8.1298562e+00  -8.1859109e+00   1.0000000e+00
  -9.0973524e+00  -8.2852431e+00   1.0000000e+00
  -1.1815247e+01  -1.2064385e+01   1.0000000e+00
  -8.8014881e+00  -4.8061120e+00   1.0000000e+00
  -9.9008091e+00  -1.0954366e+01   1.0000000e+00
  -9.9940848e+00  -8.2361501e+00   1.0000000e+00
  -1.0981122e+01  -8.1402515e+00   1.0000000e+00
  -9.0890996e+00  -8.4208780e+00   1.0000000e+00
  -9.4367387e+00  -1.1960215e+01   1.0000000e+00
  -1.0993361e+01  -1.0002364e+01   1.0000000e+00
  -9.2259649e+00  -7.5243481e+00   1.0000000e+00
  -8.6485846e+00  -9.6950866e+00   1.0000000e+00
  -1.1075607e+01  -1.0365896e+01   1.0000000e+00
  -1.3247792e+01  -1.3395166e+01   1.0000000e+00
  -7.6270246e+00  -9.8626496e+00   1.0000000e+00
  -1.2810746e+01  -1.4009988e+01   1.0000000e+00
  -8.3792171e+00  -7.4763194e+00   1.0000000e+00
  -1.0722711e+01  -7.1328329e+00   1.0000000e+00
  -6.9550547e+00  -9.2976660e+00   1.0000000e+00
  -7.9242185e+00  -8.4889222e+00   1.0000000e+00
  -6.9744557e+00  -1.2127417e+01   1.0000000e+00
  -8.3164747e+00  -8.9062525e+00   1.0000000e+00
  -1.1274203e+01  -1.3362772e+01   1.0000000e+00
  -1.0545733e+01  -9.4928397e+00   1.0000000e+00
  -7.5692281e+00  -6.1084510e+00   1.0000000e+00
  -1.1415881e+01  -9.9801712e+00   1.0000000e+00
  -1.0508090e+01  -7.3034562e+00   1.0000000e+00
  -1.1243966e+01  -1.1736091e+01   1.0000000e+00
  -1.0584582e+01  -6.3851372e+00   1.0000000e+00
  -9.0106116e+00  -1.0994013e+01   1.0000000e+00
  -1.0357777e+01  -1.0491323e+01   1.0000000e+00
  -7.2067243e+00  -1.0204862e+01   1.0000000e+00
  -9.8995016e+00  -1.0426716e+01   1.0000000e+00
  -1.1830992e+01  -1.0875322e+01   1.0000000e+00
  -1.0554436e+01  -1.2185554e+01   1.0000000e+00
  -1.1339835e+01  -5.8415623e+00   1.0000000e+00
  -9.3161760e+00  -1.2489498e+01   1.0000000e+00
  -8.2420120e+00  -1.0539895e+01   1.0000000e+00
  -1.0421544e+01  -1.1378465e+01   1.0000000e+00
  -9.3725372e+00  -8.6578379e+00   1.0000000e+00
  -1.1374746e+01  -8.5182224e+00   1.0000000e+00
  -1.1347354e+01  -1.1861782e+01   1.0000000e+00
  -9.1745373e+00  -1.1290913e+01   1.0000000e+00
  -1.1652109e+01  -1.0134379e+01   1.0000000e+00
  -9.9368281e+00  -8.8257704e+00   1.0000000e+00
  -1.0752190e+01  -9.6159390e+00   1.0000000e+00
  -8.6411446e+00  -7.7970804e+00   1.0000000e+00
  -9.3503212e+00  -1.1073375e+01   1.0000000e+00
  -1.0029762e+01  -1.0811663e+01   1.0000000e+00
  -8.3865227e+00  -1.1271128e+01   1.0000000e+00
  -9.9452217e+00  -1.0330004e+01   1.0000000e+00
  -1.0950142e+01  -9.1202373e+00   1.0000000e+00
  -8.7995371e+00  -1.3007361e+01   1.0000000e+00
  -1.0019783e+01  -9.6731034e+00   1.0000000e+00
  -9.1274496e+00  -8.5651989e+00   1.0000000e+00
  -7.3742867e+00  -7.5039975e+00   1.0000000e+00
  -1.1236497e+01  -6.8772523e+00   1.0000000e+00
  -1.1831860e+01  -1.0777766e+01   1.0000000e+00
  -7.0838360e+00  -1.1091162e+01   1.0000000e+00
  -1.2512420e+01  -1.0975016e+01   1.0000000e+00
  -8.7853458e+00  -1.0313242e+01   1.0000000e+00
  -9.1259174e+00  -7.6346054e+00   1.0000000e+00
  -9.3413886e+00  -1.3916530e+01   1.0000000e+00
  -1.0307365e+01  -1.0909001e+01   1.0000000e+00
  -1.0585295e+01  -1.1825458e+01   1.0000000e+00
  -9.1367149e+00  -1.2074259e+01   1.0000000e+00
  -9.0650766e+00  -1.0832711e+01   1.0000000e+00
  -8.8890820e+00  -1.2602704e+01   1.0000000e+00
  -1.2120619e+01  -1.1704182e+01   1.0000000e+00
  -1.1873456e+01  -1.1520966e+01   1.0000000e+00
  -1.1194328e+01  -1.1052105e+01   1.0000000e+00
  -7.9708984e+00  -1.0143357e+01   1.0000000e+00
  -1.0202539e+01  -6.8833944e+00   1.0000000e+00
  -9.4481084e+00  -1.0047886e+01   1.0000000e+00
  -1.3578253e+01  -1.4283468e+01   1.0000000e+00
  -1.0373733e+01  -7.4834831e+00   1.0000000e+00
  -9.1057824e+00  -1.0314333e+01   1.0000000e+00
  -9.8554861e+00  -9.9701599e+00   1.0000000e+00
  -1.0736826e+01  -8.3533354e+00   1.0000000e+00
  -8.0926030e+00  -1.2898764e+01   1.0000000e+00
  -9.4312592e+00  -1.2052773e+01   1.0000000e+00
  -8.5100247e+00  -9.0836354e+00   1.0000000e+00
  -9.0718403e+00  -1.0572327e+01   1.0000000e+00
  -8.0967820e+00  -1.4617247e+01   1.0000000e+00
  -1.2833731e+01  -1.1524202e+01   1.0000000e+00
  -1.1145353e+01  -9.4102359e+00   1.0000000e+00
  -8.0015673e+00  -9.9244132e+00   1.0000000e+00
  -1.1049451e+01  -1.3016790e+01   1.0000000e+00
  -9.0942536e+00  -1.1044046e+01   1.0000000e+00
  -8.3830213e+00  -8.3668212e+00   1.0000000e+00
  -1.0994305e+01  -7.1310377e+00   1.0000000e+00
  -8.8271514e+00  -1.1320985e+01   1.0000000e+00
  -1.1247506e+01  -9.9309116e+00   1.0000000e+00
  -8.7039144e+00  -9.9611944e+00   1.0000000e+00
  -1.0454397e+01  -1.2697560e+01   1.0000000e+00
  -1.0969281e+01  -8.9178033e+00   1.0000000e+00
  -8.5309073e+00  -1.0093586e+01   1.0000000e+00
  -1.0243116e+01  -1.1200606e+01   1.0000000e+00
  -1.0317955e+01  -8.0492944e+00   1.0000000e+00
  -8.4406794e+00  -1.5380191e+01   1.0000000e+00
  -9.4818788e+00  -1.2894343e+01   1.0000000e+00
  -7.8915362e+00  -7.0376490e+00   1.0000000e+00
  -1.1038896e+01  -9.7835018e+00   1.0000000e+00
  -9.4740571e+00  -8.9351940e+00   1.0000000e+00
  -1.0352865e+01  -7.8508409e+00   1.0000000e+00
  -1.0687330e+01  -1.4701191e+01   1.0000000e+00
  -6.6147178e+00  -1.1652667e+01   1.0000000e+00
  -8.8174621e+00  -1.1499719e+01   1.0000000e+00
  -9.5716447e+00  -9.9194614e+00   1.0000000e+00
  -9.8332875e+00  -8.4179632e+00   1.0000000e+00
  -1.1266156e+01  -8.9629354e+00   1.0000000e+00
  -1.2216488e+01  -8.8442332e+00   1.0000000e+00
  -1.0360409e+01  -8.1310341e+00   1.0000000e+00
  -8.3299565e+00  -6.7606812e+00   1.0000000e+00
  -8.3958839e+00  -8.4250331e+00   1.0000000e+00
  -1.0833549e+01  -9.1755600e+00   1.0000000e+00
  -1.1674141e+01  -1.1242614e+01   1.0000000e+00
  -1.1116547e+01  -1.0678787e+01   1.0000000e+00
  -8.5541233e+00  -8.8214844e+00   1.0000000e+00
  -7.5828417e+00  -8.8568245e+00   1.0000000e+00
  -1.0601968e+01  -1.3578857e+01   1.0000000e+00
  -9.7662058e+00  -1.0069672e+01   1.0000000e+00
  -8.5151271e+00  -9.0443196e+00   1.0000000e+00
  -7.6990123e+00  -9.5248787e+00   1.0000000e+00
  -1.0179099e+01  -1.2467870e+01   1.0000000e+00
  -9.7511971e+00  -1.3804172e+01   1.0000000e+00
  -1.0256729e+01  -7.1013844e+00   1.0000000e+00
  -8.2819284e+00  -1.3437714e+01   1.0000000e+00
  -7.0956280e+00  -6.8196147e+00   1.0000000e+00
  -9.8048880e+00  -7.2870581e+00   1.0000000e+00
  -8.0166693e+00  -1.0420600e+01   1.0000000e+00
  -1.2623936e+01  -1.0780975e+01   1.0000000e+00
  -1.0432578e+01  -1.0224436e+01   1.0000000e+00
  -8.7546479e+00  -9.5154109e+00   1.0000000e+00
  -9.7431898e+00  -1.1380564e+01   1.0000000e+00
  -1.3094533e+01  -1.1937839e+01   1.0000000e+00
  -1.2318857e+01  -1.3463115e+01   1.0000000e+00
  -1.1022599e+01  -1.0046598e+01   1.0000000e+00
  -8.3412755e+00  -1.2111413e+01   1.0000000e+00
  -1.1708479e+01  -9.8745063e+00   1.0000000e+00
  -9.6887599e+00  -9.3350949e+00   1.0000000e+00
  -8.4328398e+00  -1.1154264e+01   1.0000000e+00
  -9.6290258e+00  -8.8533921e+00   1.0000000e+00
  -9.7016924e+00  -7.9288313e+00   1.0000000e+00
  -1.1163869e+01  -1.1070737e+01   1.0000000e+00
  -1.0761538e+01  -1.0950757e+01   1.0000000e+00
  -1.1857477e+01  -9.2515531e+00   1.0000000e+00
  -1.0131028e+01  -9.7803158e+00   1.0000000e+00
  -9.6917944e+00  -8.5567065e+00   1.0000000e+00
  -1.0596021e+01  -5.1736529e+00   1.0000000e+00
  -1.0883512e+01  -9.9979217e+00   1.0000000e+00
  -1.0334824e+01  -1.0184720e+01   1.0000000e+00
  -9.6315370e+00  -9.2279315e+00   1.0000000e+00
  -9.9775893e+00  -1.2444843e+01   1.0000000e+00
  -1.0023080e+01  -1.0977793e+01   1.0000000e+00
  -1.2035056e+01  -7.9043860e+00   1.0000000e+00
  -1.0914029e+01  -1.2364302e+01   1.0000000e+00
  -1.0229116e+01  -1.0122706e+01   1.0000000e+00
  -1.1122103e+01  -8.6271649e+00   1.0000000e+00
  -8.5978272e+00  -1.1577605e+01   1.0000000e+00
  -8.8204294e+00  -1.0181589e+01   1.0000000e+00
  -1.1682394e+01  -1.0708372e+01   1.0000000e+00
  -7.3762572e+00  -7.3302691e+00   1.0000000e+00
  -1.0929429e+01  -6.6235400e+00   1.0000000e+00
  -8.4733330e+00  -6.6870956e+00   1.0000000e+00
  -1.0598229e+01  -7.3722327e+00   1.0000000e+00
  -1.2170973e+01  -1.1735515e+01   1.0000000e+00
  -8.8099678e+00  -1.4001897e+01   1.0000000e+00
  -8.1100240e+00  -1.0790204e+01   1.0000000e+00
  -1.0027502e+01  -1.0684049e+01   1.0000000e+00
  -1.2931341e+01  -9.3162437e+00   1.0000000e+00
  -1.0022865e+01  -9.6116253e+00   1.0000000e+00
  -9.8990002e+00  -9.5912953e+00   1.0000000e+00
  -8.4282381e+00  -1.4700224e+01   1.0000000e+00
  -8.5450563e+00  -8.1872707e+00   1.0000000e+00
  -1.0035414e+01  -1.1858659e+01   1.0000000e+00
  -1.0163777e+01  -3.1441555e+00   1.0000000e+00
  -9.9867068e+00  -8.1961335e+00   1.0000000e+00
  -1.1797196e+01  -9.3308953e+00   1.0000000e+00
  -1.2306711e+01  -7.8449269e+00   1.0000000e+00
  -9.4760325e+00  -1.1541658e+01   1.0000000e+00
  -1.0307375e+01  -1.1332048e+01   1.0000000e+00
  -9.6062095e+00  -1.0028506e+01   1.0000000e+00
  -1.0502151e+01  -1.2564443e+01   1.0000000e+00
  -1.1112155e+01  -1.0696564e+01   1.0000000e+00
  -1.0005866e+01  -6.7744716e+00   1.0000000e+00
  -1.0568298e+01  -6.7387041e+00   1.0000000e+00
  -1.1571932e+01  -1.1871458e+01   1.0000000e+00
  -7.8775588e+00  -9.0794520e+00   1.0000000e+00
  -9.9930367e+00  -1.0375852e+01   1.0000000e+00
  -9.9600021e+00  -1.1315761e+01   1.0000000e+00
  -1.0601593e+01  -1.4230917e+01   1.0000000e+00
  -1.0377345e+01  -1.1034358e+01   1.0000000e+00
  -9.4100112e+00  -1.3055277e+01   1.0000000e+00
  -1.1447056e+01  -1.1793589e+01   1.0000000e+00
  -8.9873832e+00  -1.1602501e+01   1.0000000e+00
  -1.1369367e+01  -9.7150312e+00   1.0000000e+00
  -7.3026677e+00  -1.1443570e+01   1.0000000e+00
  -7.4243541e+00  -1.2765823e+01   1.0000000e+00
  -9.5689746e+00  -1.1291021e+01   1.0000000e+00
  -9.0686467e+00  -6.4273751e+00   1.0000000e+00
  -1.2718120e+01  -9.7442457e+00   1.0000000e+00
  -1.0413806e+01  -1.3689859e+01   1.0000000e+00
  -9.2652287e+00  -7.4001856e+00   1.0000000e+00
  -7.6929010e+00  -8.7799082e+00   1.0000000e+00
  -8.5711247e+00  -1.0515334e+01   1.0000000e+00
  -1.2057842e+01  -9.2074811e+00   1.0000000e+00
  -1.3415884e+01  -7.4899104e+00   1.0000000e+00
  -1.0405987e+01  -7.0442588e+00   1.0000000e+00
  -1.1353686e+01  -1.3835981e+01   1.0000000e+00
  -1.4413574e+01  -9.2083748e+00   1.0000000e+00
  -9.9817946e+00  -1.2166174e+01   1.0000000e+00
  -9.6855897e+00  -9.3482547e+00   1.0000000e+00
  -1.0025240e+01  -1.2897638e+01   1.0000000e+00
  -1.0492899e+01  -8.8676542e+00   1.0000000e+00
  -9.9396404e+00  -7.7462035e+00   1.0000000e+00
  -9.0897100e+00  -7.8910964e+00   1.0000000e+00
  -8.0820022e+00  -9.8546332e+00   1.0000000e+00
  -1.0504927e+01  -1.0827083e+01   1.0000000e+00
  -9.6046885e+00  -1.3041768e+01   1.0000000e+00
  -1.2576911e+01  -1.1281977e+01   1.0000000e+00
  -1.3997590e+01  -1.0896304e+01   1.0000000e+00
  -1.1618149e+01  -1.0939539e+01   1.0000000e+00
  -9.8810810e+00  -7.1995701e+00   1.0000000e+00
  -9.1715701e+00  -1.6899886e+01   1.0000000e+00
  -7.6025940e+00  -1.3964330e+01   1.0000000e+00
  -8.5691964e+00  -9.1306995e+00   1.0000000e+00
  -1.0632440e+01  -8.9813376e+00   1.0000000e+00
  -9.1906348e+00  -9.0571607e+00   1.0000000e+00
  -9.5426599e+00  -7.6094115e+00   1.0000000e+00
  -7.8102910e+00  -8.7444734e+00   1.0000000e+00
  -8.2045250e+00  -9.1524148e+00   1.0000000e+00
  -6.8222534e+00  -3.5224641e+00   1.0000000e+00
  -1.0852338e+01  -1.1132940e+01   1.0000000e+00
  -8.2785010e+00  -1.0234090e+01   1.0000000e+00
  -1.0246148e+01  -1.2885479e+01   1.0000000e+00
  -9.6980963e+00  -1.0288387e+01   1.0000000e+00
  -1.1475694e+01  -7.4469710e+00   1.0000000e+00
  -1.0735570e+01  -1.0788353e+01   1.0000000e+00
  -1.1160488e+01  -9.0878525e+00   1.0000000e+00
  -9.3265416e+00  -7.7656307e+00   1.0000000e+00
  -1.1337615e+01  -1.1081180e+01   1.0000000e+00
  -7.6687574e+00  -1.3185901e+01   1.0000000e+00
  -1.0340826e+01  -1.1657508e+01   1.0000000e+00
  -1.0653360e+01  -9.4980868e+00   1.0000000e+00
  -1.0748658e+01  -1.1815935e+01   1.0000000e+00
  -9.3761786e+00  -8.8736067e+00   1.0000000e+00
  -1.0467131e+01  -1.2200344e+01   1.0000000e+00
  -1.1068345e+01  -8.0470946e+00   1.0000000e+00
  -1.1810041e+01  -8.3086551e+00   1.0000000e+00
  -9.9156907e+00  -1.0510177e+01   1.0000000e+00
  -1.2015405e+01  -4.5589580e+00   1.0000000e+00
  -1.0193149e+01  -1.0922536e+01   1.0000000e+00
  -1.0058441e+01  -1.2357765e+01   1.0000000e+00
  -9.2720661e+00  -1.1446012e+01   1.0000000e+00
  -1.0250148e+01  -1.0651107e+01   1.0000000e+00
  -1.2120375e+01  -1.0302281e+01   1.0000000e+00
  -8.9304032e+00  -8.0176794e+00   1.0000000e+00
  -1.0927572e+01  -1.1258839e+01   1.0000000e+00
  -1.2237389e+01  -9.4171569e+00   1.0000000e+00
  -1.0831086e+01  -9.3712417e+00   1.0000000e+00
  -1.0309380e+01  -9.8376865e+00   1.0000000e+00
  -1.1317142e+01  -7.1467567e+00   1.0000000e+00
  -9.5588755e+00  -1.0404642e+01   1.0000000e+00
  -1.1050910e+01  -1.1517064e+01   1.0000000e+00
  -1.0311535e+01  -9.7116563e+00   1.0000000e+00
  -1.1097608e+01  -1.5141630e+01   1.0000000e+00
  -1.0378667e+01  -7.9791460e+00   1.0000000e+00
  -1.0038308e+01  -9.5142744e+00   1.0000000e+00
  -1.0706720e+01  -1.1960081e+01   1.0000000e+00
  -1.0054786e+01  -1.0785437e+01   1.0000000e+00
  -1.1823069e+01  -1.2220125e+01   1.0000000e+00
  -9.8837888e+00  -1.2095381e+01   1.0000000e+00
  -1.0704548e+01  -1.1132470e+01   1.0000000e+00
  -9.8843665e+00  -9.0893741e+00   1.0000000e+00
  -1.0275153e+01  -7.1376583e+00   1.0000000e+00
  -7.0589176e+00  -8.8726469e+00   1.0000000e+00
  -1.2182665e+01  -1.1359865e+01   1.0000000e+00
  -6.0091561e+00  -1.2710309e+01   1.0000000e+00
  -6.0458340e+00  -9.7510011e+00   1.0000000e+00
  -7.1203567e+00  -1.2582764e+01   1.0000000e+00
  -1.0238050e+01  -6.8008620e+00   1.0000000e+00
  -1.1281588e+01  -1.2525616e+01   1.0000000e+00
  -9.6772975e+00  -1.0976669e+01   1.0000000e+00
  -7.3072893e+00  -1.0116774e+01   1.0000000e+00
  -1.0757647e+01  -8.9964040e+00   1.0000000e+00
  -1.1339861e+01  -7.3409914e+00   1.0000000e+00
  -9.9981969e+00  -1.3514159e+01   1.0000000e+00
  -1.0590045e+01  -1.2068196e+01   1.0000000e+00
  -9.9232496e+00  -1.2863340e+01   1.0000000e+00
  -9.9027598e+00  -8.9849978e+00   1.0000000e+00
  -6.6682946e+00  -9.2295224e+00   1.0000000e+00
  -9.3011736e+00  -1.0468784e+01   1.0000000e+00
  -1.1344026e+01  -1.0632133e+01   1.0000000e+00
  -9.8644113e+00  -9.8677391e+00   1.0000000e+00
  -9.1856186e+00  -1.2986591e+01   1.0000000e+00
  -7.4111920e+00  -9.3132851e+00   1.0000000e+00
  -1.0483163e+01  -1.0788687e+01   1.0000000e+00
  -1.1593981e+01  -9.5048667e+00   1.0000000e+00
  -1.0851370e+01  -7.6295780e+00   1.0000000e+00
  -1.0260016e+01  -1.1161981e+01   1.0000000e+00
  -1.2602364e+01  -9.2184359e+00   1.0000000e+00
  -7.6395300e+00  -9.2959326e+00   1.0000000e+00
  -9.2122359e+00  -1.1032451e+01   1.0000000e+00
  -7.8674423e+00  -9.6640609e+00   1.0000000e+00
  -1.1671803e+01  -1.0535336e+01   1.0000000e+00
  -1.2378548e+01  -6.7085205e+00   1.0000000e+00
  -8.6762492e+00  -1.1518939e+01   1.0000000e+00
  -1.4217616e+01  -1.0699438e+01   1.0000000e+00
  -7.6165937e+00  -9.7605978e+00   1.0000000e+00
  -1.1212803e+01  -1.0617090e+01   1.0000000e+00
  -8.9207562e+00  -6.7462612e+00   1.0000000e+00
  -7.4920945e+00  -1.5937861e+01   1.0000000e+00
  -1.1880017e+01  -9.9132613e+00   1.0000000e+00
  -1.0734029e+01  -1.1114794e+01   1.0000000e+00
  -1.0111583e+01  -6.7935589e+00   1.0000000e+00
  -9.7313790e+00  -1.0132670e+01   1.0000000e+00
  -1.0256386e+01  -9.5376155e+00   1.0000000e+00
  -1.0122440e+01  -5.5798734e+00   1.0000000e+00
  -1.0929268e+01  -9.7672339e+00   1.0000000e+00
  -1.1521764e+01  -5.2559660e+00   1.0000000e+00
  -8.6342946e+00  -9.4594064e+00   1.0000000e+00
  -1.0897003e+01  -9.1180066e+00   1.0000000e+00
  -1.2510051e+01  -8.2292112e+00   1.0000000e+00
  -1.1373582e+01  -6.7803823e+00   1.0000000e+00
  -1.0911200e+01  -7.4792662e+00   1.0000000e+00
  -8.2067323e+00  -1.1365837e+01   1.0000000e+00
  -1.1255037e+01  -7.1434980e+00   1.0000000e+00
  -1.1039342e+01  -9.9411173e+00   1.0000000e+00
  -9.7652585e+00  -1.1265032e+01   1.0000000e+00
  -1.1209187e+01  -1.1218775e+01   1.0000000e+00
  -1.0161755e+01  -8.9127521e+00   1.0000000e+00
  -9.2670032e+00  -9.9646403e+00   1.0000000e+00
  -1.1645507e+01  -8.7902351e+00   1.0000000e+00
  -8.8810111e+00  -1.0481031e+01   1.0000000e+00
  -1.0545148e+01  -1.1708670e+01   1.0000000e+00
  -1.0141309e+01  -7.7422676e+00   1.0000000e+00
  -1.0313289e+01  -7.7847813e+00   1.0000000e+00
  -1.0053266e+01  -7.1051506e+00   1.0000000e+00
  -1.0158449e+01  -7.5644648e+00   1.0000000e+00
  -9.2645552e+00  -1.2274729e+01   1.0000000e+00
  -7.5462351e+00  -1.3506626e+01   1.0000000e+00
  -1.0645127e+01  -1.0836854e+01   1.0000000e+00
  -9.9059292e+00  -8.7937090e+00   1.0000000e+00
  -8.6475617e+00  -7.6837796e+00   1.0000000e+00
  -9.8200007e+00  -1.1299760e+01   1.0000000e+00
  -1.1478385e+01  -1.4041352e+01   1.0000000e+00
  -8.7500641e+00  -1.0841707e+01   1.0000000e+00
  -8.3062227e+00  -1.2590925e+01   1.0000000e+00
  -9.7928585e+00  -8.5160740e+00   1.0000000e+00
  -1.0879555e+01  -9.7506131e+00   1.0000000e+00
  -8.5591487e+00  -9.6030111e+00   1.0000000e+00
  -7.8895161e+00  -1.0859282e+01   1.0000000e+00
  -8.1391357e+00  -1.2080369e+01   1.0000000e+00
  -8.5804435e+00  -1.3967247e+01   1.0000000e+00
  -1.0778043e+01  -8.0732922e+00   1.0000000e+00
  -1.0095656e+01  -1.0759308e+01   1.0000000e+00
  -1.2160146e+01  -1.0986409e+01   1.0000000e+00
  -9.4091458e+00  -1.1222458e+01   1.0000000e+00
  -9.3551189e+00  -1.1569580e+01   1.0000000e+00
  -1.0133566e+01  -1.0536631e+01   1.0000000e+00
  -1.3918968e+01  -8.5635124e+00   1.0000000e+00
  -8.7914270e+00  -8.7104745e+00   1.0000000e+00
  -8.7942521e+00  -8.7005354e+00   1.0000000e+00
  -1.0416122e+01  -1.2601547e+01   1.0000000e+00
  -9.0270571e+00  -8.6894783e+00   1.0000000e+00
  -9.7207322e+00  -8.3309873e+00   1.0000000e+00
  -8.5041970e+00  -1.0572159e+01   1.0000000e+00
  -7.9460480e+00  -1.1524402e+01   1.0000000e+00
  -9.8863391e+00  -1.0889198e+01   1.0000000e+00
  -1.0256307e+01  -1.1363747e+01   1.0000000e+00
  -8.7782102e+00  -9.3037260e+00   1.0000000e+00
  -1.0730598e+01  -9.5344038e+00   1.0000000e+00
  -9.0101950e+00  -8.6529402e+00   1.0000000e+00
  -9.3191314e+00  -1.0254825e+01   1.0000000e+00
  -1.0400113e+01  -1.0829210e+01   1.0000000e+00
  -7.8080545e+00  -1.2992752e+01   1.0000000e+00
  -1.2133505e+01  -1.1464916e+01   1.0000000e+00
  -9.8282565e+00  -1.2038522e+01   1.0000000e+00
  -1.0688834e+01  -1.1365874e+01   1.0000000e+00
  -8.8524416e+00  -1.0885371e+01   1.0000000e+00
  -1.0609076e+01  -8.2272737e+00   1.0000000e+00
  -9.7284788e+00  -9.6880402e+00   1.0000000e+00
  -1.1363688e+01  -8.2995398e+00   1.0000000e+00
  -1.0453573e+01  -1.0811723e+01   1.0000000e+00
  -1.0209587e+01  -8.1403170e+00   1.0000000e+00
  -9.8531337e+00  -1.0134111e+01   1.0000000e+00
  -1.3680682e+01  -8.5885973e+00   1.0000000e+00
  -7.8667729e+00  -9.3380751e+00   1.0000000e+00
  -1.1410539e+01  -1.1462788e+01   1.0000000e+00
  -9.4630168e+00  -1.0904770e+01   1.0000000e+00
  -1.1198195e+01  -1.0703422e+01   1.0000000e+00
  -8.7869471e+00  -7.7785669e+00   1.0000000e+00
  -8.2860352e+00  -8.1216949e+00   1.0000000e+00
  -8.3288510e+00  -1.0794154e+01   1.0000000e+00
  -1.3195821e+01  -1.1935291e+01   1.0000000e+00
  -1.0272883e+01  -1.0461281e+01   1.0000000e+00
  -1.1647967e+01  -6.6745270e+00   1.0000000e+00
  -9.3217531e+00  -1.0997153e+01   1.0000000e+00
  -1.0861778e+01  -9.0690752e+00   1.0000000e+00
  -8.7972258e+00  -9.9686182e+00   1.0000000e+00
  -8.7303950e+00  -8.8309168e+00   1.0000000e+00
  -1.1221820e+01  -1.1371209e+01   1.0000000e+00
  -9.6029639e+00  -7.9467238e+00   1.0000000e+00
  -1.1339689e+01  -8.7262898e+00   1.0000000e+00
  -9.8210730e+00  -9.7519277e+00   1.0000000e+00
  -1.2965549e+01  -1.3740045e+01   1.0000000e+00
  -9.8287130e+00  -8.2572825e+00   1.0000000e+00
  -9.4579649e+00  -9.2805635e+00   1.0000000e+00
  -1.1917193e+01  -5.7639768e+00   1.0000000e+00
  -5.4892706e+00  -1.1209369e+00   2.0000000e+00
  -6.5261125e-01  -1.0423289e+00   2.0000000e+00
  -2.2962138e+00  -3.5007631e-01   2.0000000e+00
  -9.1562957e-01  -8.4034509e-01   2.0000000e+00
  -3.7678373e+00  -1.1268911e+00   2.0000000e+00
  -5.5668448e+00  -1.0749653e+00   2.0000000e+00
  -3.5444752e+00  -1.0981966e+00   2.0000000e+00
  -2.5530117e+00  -4.9305152e-01   2.0000000e+00
  -1.4374170e+00  -1.1956403e+00   2.0000000e+00
  -3.5029179e+00  -1.2441964e+00   2.0000000e+00
  -2.2969188e+00  -1.1176021e+00   2.0000000e+00
  -3.0037702e+00  -5.0722128e-01   2.0000000e+00
  -4.3404096e+00  -1.4041809e+00   2.0000000e+00
  -5.8644426e+00  -7.3870584e-01   2.0000000e+00
  -4.3502145e+00  -7.7274418e-01   2.0000000e+00
  -2.0063144e+00  -3.7850220e-01   2.0000000e+00
  -3.8200805e+00  -1.1103342e+00   2.0000000e+00
  -5.2658007e+00  -1.0840517e+00   2.0000000e+00
  -3.4113203e+00  -1.0148292e+00   2.0000000e+00
  -5.9530215e+00  -1.0207523e+00   2.0000000e+00
  -3.5025641e+00  -1.2232381e+00   2.0000000e+00
  -2.7428603e+00  -1.0889207e+00   2.0000000e+00
  -1.8125968e+00  -1.4697890e+00   2.0000000e+00
  -7.2946044e+00  -7.6088435e-01   2.0000000e+00
  -5.0369052e+00  -1.4983720e+00   2.0000000e+00
  -2.9902018e+00  -1.4058632e+00   2.0000000e+00
  -1.3655164e+00  -7.6457191e-01   2.0000000e+00
  -4.2156867e+00  -1.0860943e+00   2.0000000e+00
   1.1933882e+00  -1.7826398e+00   2.0000000e+00
  -3.2280465e+00  -7.1863125e-01   2.0000000e+00
  -2.9943638e+00  -9.7431572e-01   2.0000000e+00
  -3.7698571e+00  -9.4071382e-01   2.0000000e+00
  -3.4716697e+00  -1.6864996e+00   2.0000000e+00
  -3.8170603e+00  -1.3264386e+00   2.0000000e+00
  -4.5267928e+00  -1.6101747e+00   2.0000000e+00
  -3.4714294e+00  -1.2366067e+00   2.0000000e+00
  -3.5324428e+00  -8.3167185e-01   2.0000000e+00
  -3.9758678e+00  -1.0327023e+00   2.0000000e+00
  -3.9629654e+00  -9.6561559e-01   2.0000000e+00
  -7.2405279e+00  -9.2886527e-01   2.0000000e+00
  -6.4279188e+00  -1.0636784e+00   2.0000000e+00
  -4.7355612e+00  -1.1499795e+00   2.0000000e+00
  -2.5695980e+00  -9.0536083e-01   2.0000000e+00
  -3.5281885e+00  -4.8837135e-01   2.0000000e+00
  -4.3496769e+00  -9.6840874e-01   2.0000000e+00
  -2.4260719e+00  -7.9932987e-01   2.0000000e+00
  -1.1899844e+00  -3.5864477e-01   2.0000000e+00
  -5.0601650e+00  -1.5169671e+00   2.0000000e+00
  -1.2219845e+00  -1.1418201e+00   2.0000000e+00
  -7.6706742e+00  -3.8684494e-01   2.0000000e+00
  -2.8891073e+00  -1.2277511e+00   2.0000000e+00
  -1.4621033e+00  -1.2567053e+00   2.0000000e+00
  -3.3279042e+00  -1.1568963e+00   2.0000000e+00
  -5.3569333e+00  -7.5550308e-01   2.0000000e+00
  -5.3452757e+00  -8.9608768e-01   2.0000000e+00
  -2.9723229e+00  -1.3667577e+00   2.0000000e+00
  -5.2137249e+00  -1.0166036e+00   2.0000000e+00
  -2.5628785e-01  -1.1910890e+00   2.0000000e+00
  -4.7538181e+00  -8.8929251e-01   2.0000000e+00
  -6.5958722e+00  -1.3900290e+00   2.0000000e+00
  -7.7376466e+00  -1.0883730e+00   2.0000000e+00
  -2.6173679e+00  -8.7273996e-01   2.0000000e+00
  -1.8766832e+00  -1.3127557e+00   2.0000000e+00
  -6.2800934e+00  -9.4148446e-01   2.0000000e+00
  -4.7481241e+00  -1.2149990e+00   2.0000000e+00
  -4.1072189e+00  -1.1993716e+00   2.0000000e+00
  -4.2169467e+00  -1.0195359e+00   2.0000000e+00
  -5.1997191e+00  -3.0030515e-01   2.0000000e+00
  -2.3445972e+00  -1.5110803e+00   2.0000000e+00
  -4.3078747e+00  -9.8070503e-01   2.0000000e+00
  -5.0376248e+00  -8.6620433e-01   2.0000000e+00
  -3.2440997e+00  -9.9985354e-01   2.0000000e+00
  -3.4468492e+00  -1.0508180e+00   2.0000000e+00
  -4.2816178e+00  -1.3277612e+00   2.0000000e+00
  -4.1500610e+00  -1.0529100e+00   2.0000000e+00
  -3.8527157e+00  -7.8704947e-01   2.0000000e+00
  -3.7667850e+00  -1.3529402e+00   2.0000000e+00
  -7.2101082e+00  -1.0693268e+00   2.0000000e+00
  -3.8672499e+00  -1.1639784e+00   2.0000000e+00
  -1.5132573e+00  -6.2530457e-01   2.0000000e+00
  -4.5080989e+00  -7.3906547e-01   2.0000000e+00
  -5.2778837e+00  -1.0282193e+00   2.0000000e+00
  -3.4200888e+00  -7.2001455e-01   2.0000000e+00
  -5.7330302e+00  -1.0700470e+00   2.0000000e+00
  -3.0008422e+00  -8.6387925e-01   2.0000000e+00
  -2.7611654e+00  -7.4582691e-01   2.0000000e+00
   3.4186352e-01  -1.2031274e+00   2.0000000e+00
  -4.1817845e+00  -7.0836327e-01   2.0000000e+00
  -4.6330064e+00  -1.2617991e+00   2.0000000e+00
  -1.2861536e+00  -8.4667151e-01   2.0000000e+00
  -2.4899418e+00  -8.2881470e-01   2.0000000e+00
  -4.4886443e+00  -7.7270783e-01   2.0000000e+00
  -4.6160801e+00  -1.3313061e+00   2.0000000e+00
  -8.2384876e+00  -7.7734086e-01   2.0000000e+00
  -8.5736915e+00  -1.5919018e+00   2.0000000e+00
  -2.1137618e+00  -1.4918785e+00   2.0000000e+00
  -4.9397390e+00  -1.2797443e+00   2.0000000e+00
  -3.2888178e+00  -1.0371617e+00   2.0000000e+00
  -4.0689634e-01  -1.1431380e+00   2.0000000e+00
  -1.1430053e+00  -7.5293858e-01   2.0000000e+00
  -2.3269328e+00  -8.2239582e-01   2.0000000e+00
  -3.7165135e+00  -7.3891681e-01   2.0000000e+00
  -7.4021264e+00  -1.0502967e+00   2.0000000e+00
  -7.1249830e+00  -9.1528557e-01   2.0000000e+00
  -4.9625018e+00  -7.6152633e-01   2.0000000e+00
  -4.9652466e+00  -1.2409579e+00   2.0000000e+00
  -2.8420409e+00  -9.5619572e-01   2.0000000e+00
  -4.5790682e+00  -8.4850858e-01   2.0000000e+00
  -2.8715789e-01  -1.0045227e+00   2.0000000e+00
  -5.0537975e+00  -5.9145217e-01   2.0000000e+00
  -4.0215076e+00  -4.5932457e-01   2.0000000e+00
  -4.4543650e+00  -5.5376913e-01   2.0000000e+00
  -5.1430176e+00  -1.1925999e+00   2.0000000e+00
  -6.2157793e+00  -6.2394209e-01   2.0000000e+00
  -5.2461475e+00  -1.0605787e+00   2.0000000e+00
  -1.0678777e+00  -1.1216124e+00   2.0000000e+00
  -3.8393875e+00  -7.5869508e-01   2.0000000e+00
  -3.6809347e+00  -8.0652396e-01   2.0000000e+00
  -6.2379838e+00  -4.9616266e-01   2.0000000e+00
  -3.7529755e+00  -6.2470466e-01   2.0000000e+00
  -5.3559564e+00  -5.9208386e-01   2.0000000e+00
  -6.0538784e+00  -1.1912156e+00   2.0000000e+00
  -6.0657617e+00  -1.3395872e+00   2.0000000e+00
  -2.8352260e+00  -1.3696816e+00   2.0000000e+00
   1.5759483e+00  -9.3761098e-01   2.0000000e+00
  -2.0777752e-01  -1.1466627e+00   2.0000000e+00
  -5.2655510e+00  -1.2333191e+00   2.0000000e+00
  -3.0549061e+00  -1.1880438e+00   2.0000000e+00
  -3.0347029e+00  -1.2593741e+00   2.0000000e+00
  -4.5963551e+00  -8.1891503e-01   2.0000000e+00
  -5.8729020e-01  -1.0101886e+00   2.0000000e+00
  -6.5491954e+00  -7.0311192e-01   2.0000000e+00
   3.0416380e-01  -1.4586152e+00   2.0000000e+00
  -2.1302820e+00  -1.4395811e+00   2.0000000e+00
  -6.0866240e+00  -1.4002413e+00   2.0000000e+00
  -1.9328323e+00  -7.2838618e-01   2.0000000e+00
  -3.4448701e+00  -1.0324354e+00   2.0000000e+00
  -6.6708137e+00  -8.3298623e-01   2.0000000e+00
  -5.0055380e+00  -1.2183079e+00   2.0000000e+00
  -5.4693152e+00  -9.9790465e-01   2.0000000e+00
  -6.3443352e-01  -1.2228900e+00   2.0000000e+00
  -4.0394797e+00  -7.7844670e-01   2.0000000e+00
  -2.2439979e+00  -8.8430239e-01   2.0000000e+00
  -3.0955473e+00  -1.1285522e+00   2.0000000e+00
  -4.2382353e+00  -8.0915481e-01   2.0000000e+00
  -2.2054421e+00  -1.7245374e+00   2.0000000e+00
  -4.3975828e+00  -1.0436494e+00   2.0000000e+00
  -2.4964441e+00  -1.5686691e+00   2.0000000e+00
  -2.8504074e+00  -6.7089226e-01   2.0000000e+00
  -6.9412544e+00  -8.2123988e-01   2.0000000e+00
  -9.1515912e-01  -1.3339909e+00   2.0000000e+00
  -5.3434460e+00  -1.0984896e+00   2.0000000e+00
  -3.4615343e+00  -1.4888303e+00   2.0000000e+00
  -4.1197607e+00  -6.6084408e-01   2.0000000e+00
  -3.8511174e+00  -6.0376293e-01   2.0000000e+00
  -7.3060226e+00  -7.3710905e-01   2.0000000e+00
  -6.6767697e+00  -1.2137608e+00   2.0000000e+00
  -1.9140368e+00  -1.3426598e+00   2.0000000e+00
   1.5627412e-01  -1.2049918e+00   2.0000000e+00
  -3.9053999e+00  -1.6319202e+00   2.0000000e+00
  -3.2159765e+00  -1.2786894e+00   2.0000000e+00
  -6.7695067e+00  -4.3545969e-01   2.0000000e+00
  -1.7111052e+00  -1.2964796e+00   2.0000000e+00
  -8.1729129e-01  -7.1484957e-01   2.0000000e+00
  -3.9397005e+00  -8.3682088e-01   2.0000000e+00
  -4.6608765e+00  -9.7140248e-01   2.0000000e+00
  -5.9991966e+00  -1.2084381e+00   2.0000000e+00
  -2.8093551e+00  -8.8253526e-01   2.0000000e+00
  -2.6077298e+00  -3.9490752e-01   2.0000000e+00
  -5.1960569e+00  -7.4922914e-01   2.0000000e+00
  -4.7888623e+00  -1.0363957e+00   2.0000000e+00
  -5.4377615e+00  -1.0302741e+00   2.0000000e+00
  -2.2212833e+00  -8.9334256e-01   2.0000000e+00
  -3.5658687e+00  -7.2379627e-01   2.0000000e+00
  -4.6402995e+00  -8.9583939e-01   2.0000000e+00
  -2.3492372e+00  -1.2156547e+00   2.0000000e+00
  -5.2839817e+00  -1.0668378e+00   2.0000000e+00
  -9.1556204e-01  -1.1441756e+00   2.0000000e+00
  -2.8270954e+00  -8.9944322e-01   2.0000000e+00
   1.7018917e+00  -1.0144369e+00   2.0000000e+00
  -1.7119109e+00  -9.5807157e-01   2.0000000e+00
  -8.3708448e+00  -7.8986391e-01   2.0000000e+00
  -3.4103526e+00  -8.4435676e-01   2.0000000e+00
  -4.2341948e+00  -8.9848350e-01   2.0000000e+00
  -2.2242899e+00  -2.6957708e-01   2.0000000e+00
  -4.9305178e+00  -2.7751826e-01   2.0000000e+00
  -4.1237031e+00  -8.5963708e-01   2.0000000e+00
  -3.2153821e+00  -4.5502803e-01   2.0000000e+00
  -9.4748738e-02  -1.0713977e+00   2.0000000e+00
  -6.0898168e+00  -1.2377380e+00   2.0000000e+00
  -6.9468785e+00  -1.3713462e+00   2.0000000e+00
  -3.8256122e+00  -1.3229960e+00   2.0000000e+00
  -1.5474395e+00  -6.1434466e-01   2.0000000e+00
  -2.9147376e+00  -1.0133294e+00   2.0000000e+00
  -4.1867511e+00  -1.2003361e+00   2.0000000e+00
  -2.6242944e+00  -1.5708775e+00   2.0000000e+00
  -1.0800319e+00  -1.5464856e+00   2.0000000e+00
  -2.8077057e+00  -1.2530409e+00   2.0000000e+00
  -6.2244141e+00  -7.9213850e-01   2.0000000e+00
  -5.2208519e+00  -1.0784357e+00   2.0000000e+00
  -4.5765327e+00  -1.3632345e+00   2.0000000e+00
  -6.0903439e+00  -1.2323345e+00   2.0000000e+00
  -3.1888144e+00  -5.7469262e-01   2.0000000e+00
  -7.7191295e+00  -1.6138821e+00   2.0000000e+00
  -1.8717025e+00  -5.7124430e-01   2.0000000e+00
  -6.5639020e+00  -1.2067317e+00   2.0000000e+00
  -1.3296199e+00  -1.5556811e+00   2.0000000e+00
   2.7286214e-01  -1.2984694e+00   2.0000000e+00
  -3.0077726e+00  -1.2183039e+00   2.0000000e+00
  -4.5080792e+00  -1.2666336e+00   2.0000000e+00
  -5.5778428e+00  -9.4101899e-01   2.0000000e+00
  -3.7912956e+00  -1.2955113e+00   2.0000000e+00
  -5.0472042e+00  -1.0087523e+00   2.0000000e+00
  -2.4611989e+00  -8.2669836e-01   2.0000000e+00
  -3.3768419e-01  -7.9758444e-01   2.0000000e+00
  -1.9933264e+00  -4.8700448e-01   2.0000000e+00
  -1.8736109e+00  -1.1886007e+00   2.0000000e+00
  -4.4234089e+00  -1.0666482e+00   2.0000000e+00
  -3.7583247e+00  -1.0076970e+00   2.0000000e+00
  -3.8449458e+00  -1.7280007e+00   2.0000000e+00
  -4.1223002e+00  -6.8320027e-01   2.0000000e+00
  -1.4083262e+00  -6.2909437e-01   2.0000000e+00
  -8.0257761e+00  -9.4749428e-01   2.0000000e+00
  -6.8558547e+00  -1.3055941e+00   2.0000000e+00
  -1.7790209e-01  -1.0188864e+00   2.0000000e+00
  -4.0447561e+00  -8.7332342e-01   2.0000000e+00
  -6.7890339e+00  -1.6694005e+00   2.0000000e+00
  -6.0769063e+00  -9.2544236e-01   2.0000000e+00
  -5.1808620e+00  -1.3712494e+00   2.0000000e+00
   1.2500880e+00  -4.1561356e-01   2.0000000e+00
  -3.0943347e+00  -8.2784860e-01   2.0000000e+00
  -3.9919163e+00  -1.2283204e+00   2.0000000e+00
  -6.5602441e+00  -7.9464905e-01   2.0000000e+00
  -2.8383871e+00  -8.7228165e-01   2.0000000e+00
  -6.1479804e+00  -1.0919207e+00   2.0000000e+00
  -2.1114082e+00  -1.2380273e+00   2.0000000e+00
  -2.6859807e+00  -9.4407539e-01   2.0000000e+00
  -2.4752929e+00  -7.2818124e-01   2.0000000e+00
  -3.1722059e+00  -9.0653300e-01   2.0000000e+00
  -5.7414990e+00  -1.0080963e+00   2.0000000e+00
  -4.6768943e+00  -1.0438770e+00   2.0000000e+00
  -2.6475767e+00  -1.0987782e+00   2.0000000e+00
  -6.5469444e+00  -1.0520005e+00   2.0000000e+00
  -4.9001587e+00  -9.6667196e-01   2.0000000e+00
  -1.9145091e+00  -6.5900935e-01   2.0000000e+00
  -3.5129110e+00  -7.7938670e-01   2.0000000e+00
   1.8102615e+00  -1.1446544e+00   2.0000000e+00
  -1.8173230e+00  -6.2028322e-01   2.0000000e+00
  -2.1594313e-01  -4.9380646e-01   2.0000000e+00
  -2.6078920e+00  -7.8060247e-01   2.0000000e+00
  -5.6067706e+00  -7.0259149e-01   2.0000000e+00
  -2.3449568e+00  -9.0122136e-01   2.0000000e+00
  -2.8769936e+00  -7.4778810e-01   2.0000000e+00
  -6.7384850e+00  -1.1940414e+00   2.0000000e+00
  -4.3097184e+00  -8.5900454e-01   2.0000000e+00
  -6.2602266e+00  -9.7122970e-01   2.0000000e+00
  -5.0934294e+00  -1.4533601e+00   2.0000000e+00
  -1.6978725e+00  -9.7065150e-01   2.0000000e+00
  -4.1471164e+00  -9.3715810e-01   2.0000000e+00
  -5.3948898e+00  -8.7269735e-01   2.0000000e+00
  -2.8002664e+00  -1.0636400e+00   2.0000000e+00
  -2.2692671e+00  -7.8924065e-01   2.0000000e+00
  -2.6381185e+00  -8.3942396e-01   2.0000000e+00
  -5.0552918e-01  -1.1909753e+00   2.0000000e+00
  -5.4881708e+00  -9.9129679e-01   2.0000000e+00
  -1.9051869e+00  -1.0170612e+00   2.0000000e+00
  -2.7945823e+00  -7.1120372e-01   2.0000000e+00
  -2.9629789e+00  -1.2992647e+00   2.0000000e+00
  -1.1959378e+00  -1.4720088e+00   2.0000000e+00
  -3.3769124e+00  -9.3527352e-01   2.0000000e+00
  -6.8534395e-01  -7.8364036e-01   2.0000000e+00
  -4.0623328e+00  -9.9934115e-01   2.0000000e+00
   3.4610397e-02  -1.1668302e+00   2.0000000e+00
  -3.8997389e+00  -1.0817857e+00   2.0000000e+00
  -6.0463910e+00  -1.1369824e+00   2.0000000e+00
   8.9652466e-01  -7.5584232e-01   2.0000000e+00
  -1.5414162e+00  -1.1923996e+00   2.0000000e+00
  -7.2680201e+00  -1.0250570e+00   2.0000000e+00
  -3.4066551e+00  -2.0421675e+00   2.0000000e+00
  -1.2897120e+00  -9.3812984e-01   2.0000000e+00
  -5.4965530e+00  -5.4830912e-01   2.0000000e+00
  -2.2995156e+00  -9.3734712e-01   2.0000000e+00
  -4.4819468e+00  -1.0443833e+00   2.0000000e+00
  -2.1150488e+00  -1.2255427e+00   2.0000000e+00
  -1.3866907e+00  -5.9383685e-01   2.0000000e+00
  -3.6565046e+00  -1.1486084e+00   2.0000000e+00
  -2.5894216e+00  -6.4487298e-01   2.0000000e+00
  -1.0100140e+00  -7.6712546e-01   2.0000000e+00
  -2.6269806e+00  -1.4822654e+00   2.0000000e+00
  -3.4547395e+00  -1.0158700e+00   2.0000000e+00
  -3.2475261e+00  -1.0056826e+00   2.0000000e+00
  -2.2241466e+00  -1.3546615e+00   2.0000000e+00
  -3.8313236e+00  -8.7330957e-01   2.0000000e+00
  -3.8317094e+00  -1.2894041e+00   2.0000000e+00
  -4.4617460e+00  -1.2332272e+00   2.0000000e+00
  -5.1088836e+00  -9.6131556e-01   2.0000000e+00
  -5.6865402e+00  -9.6559657e-01   2.0000000e+00
  -7.0358426e+00  -6.2622959e-01   2.0000000e+00
  -1.6185656e+00  -6.5318455e-01   2.0000000e+00
  -7.4725928e+00  -1.0365216e+00   2.0000000e+00
  -5.9126069e+00  -6.1654301e-01   2.0000000e+00
  -4.1931746e+00  -7.0220409e-01   2.0000000e+00
  -4.5589660e+00  -1.3945891e+00   2.0000000e+00
  -3.6361545e+00  -1.2065525e+00   2.0000000e+00
  -1.9873923e+00  -1.0810144e+00   2.0000000e+00
  -3.1045223e-01  -4.5702011e-01   2.0000000e+00
  -4.9331893e+00  -1.3220182e+00   2.0000000e+00
   8.3569340e-01  -1.2527148e+00   2.0000000e+00
  -2.6125739e+00  -2.6418237e-01   2.0000000e+00
  -7.3288681e+00  -1.3053079e+00   2.0000000e+00
  -4.3409629e+00  -6.2778819e-01   2.0000000e+00
  -4.3891501e+00  -1.3793423e+00   2.0000000e+00
  -3.7928371e+00  -1.2584174e+00   2.0000000e+00
  -4.4075882e+00  -7.2649022e-01   2.0000000e+00
  -5.4953740e+00  -9.8218554e-01   2.0000000e+00
  -5.2266135e+00  -2.8827199e-01   2.0000000e+00
  -1.3608185e+00  -6.1573618e-01   2.0000000e+00
  -3.0279632e+00  -1.1425224e+00   2.0000000e+00
  -4.0672425e-02   3.0208833e-01   2.0000000e+00
  -3.4124719e+00  -9.4002407e-01   2.0000000e+00
   4.8102697e-01  -1.0711097e+00   2.0000000e+00
  -2.3071369e+00  -1.2136741e+00   2.0000000e+00
  -3.3425065e+00  -1.2817677e+00   2.0000000e+00
  -3.9384280e+00  -1.7962766e+00   2.0000000e+00
  -2.8862824e+00  -3.5023029e-01   2.0000000e+00
  -4.6026747e+00  -6.5662710e-01   2.0000000e+00
  -3.6730474e+00  -5.9516480e-01   2.0000000e+00
  -3.2478085e+00  -1.7069200e+00   2.0000000e+00
  -2.6031673e+00  -1.0297713e+00   2.0000000e+00
  -2.4005147e+00  -9.9393455e-01   2.0000000e+00
  -4.2250956e+00  -6.0685053e-01   2.0000000e+00
  -3.2835162e+00  -1.0377514e+00   2.0000000e+00
  -1.5563508e+00  -9.6832883e-01   2.0000000e+00
  -3.9281120e+00  -1.6670808e+00   2.0000000e+00
  -2.6477266e+00  -9.1918197e-01   2.0000000e+00
  -1.9098534e+00  -1.1168951e+00   2.0000000e+00
  -2.9536271e+00  -8.9333907e-01   2.0000000e+00
  -1.1261775e+00  -1.2289927e+00   2.0000000e+00
  -4.4057470e+00  -1.4148102e+00   2.0000000e+00
  -4.5779948e+00  -1.1197432e+00   2.0000000e+00
  -6.9460128e+00  -1.2761786e+00   2.0000000e+00
  -2.8642740e+00  -9.3762461e-01   2.0000000e+00
  -3.0052239e+00  -1.3089709e+00   2.0000000e+00
  -2.7736482e+00  -1.1901391e+00   2.0000000e+00
  -5.0091838e+00  -1.0377113e+00   2.0000000e+00
  -2.5838717e+00  -1.4545170e+00   2.0000000e+00
  -8.0420268e+00  -8.1210346e-01   2.0000000e+00
  -5.2709774e+00  -1.1085208e+00   2.0000000e+00
  -1.3716978e+00  -5.0828271e-01   2.0000000e+00
  -2.0762376e+00  -1.3687042e+00   2.0000000e+00
  -5.2942130e-01  -1.5020906e+00   2.0000000e+00
  -1.9781927e+00  -7.4471151e-01   2.0000000e+00
  -4.7019294e+00  -7.0300318e-01   2.0000000e+00
  -5.3976853e+00  -9.7597974e-01   2.0000000e+00
  -7.3078339e+00  -1.2278669e+00   2.0000000e+00
  -5.0278263e+00  -4.5747023e-01   2.0000000e+00
  -4.6559708e+00  -7.2073848e-01   2.0000000e+00
  -1.7895189e+00  -5.8989912e-01   2.0000000e+00
  -6.9715734e+00  -1.3842536e+00   2.0000000e+00
  -4.6718733e+00  -9.6358464e-01   2.0000000e+00
  -5.6781740e+00  -5.4006193e-01   2.0000000e+00
  -5.5452271e+00  -6.7459129e-01   2.0000000e+00
  -1.5504284e+00  -1.2402411e+00   2.0000000e+00
  -1.4594225e+00  -1.1372526e+00   2.0000000e+00
  -4.5528892e+00  -8.8056271e-01   2.0000000e+00
  -2.4457986e+00  -1.2940788e+00   2.0000000e+00
  -4.5531205e+00  -6.7121807e-01   2.0000000e+00
  -2.1456361e+00  -7.7679955e-01   2.0000000e+00
  -2.1436294e+00  -1.5614118e-01   2.0000000e+00
  -4.4466249e+00  -1.2667136e+00   2.0000000e+00
  -2.0761479e+00  -1.2602765e+00   2.0000000e+00
  -1.5540597e+00  -1.6413162e+00   2.0000000e+00
  -6.6158589e+00  -1.1841146e+00   2.0000000e+00
  -4.0810949e+00  -1.2899104e+00   2.0000000e+00
  -4.3950720e+00  -7.9871527e-01   2.0000000e+00
  -5.5320007e+00  -1.6128111e+00   2.0000000e+00
  -4.2957661e+00  -9.9019961e-01   2.0000000e+00
  -4.2061453e+00  -1.3910929e+00   2.0000000e+00
  -3.5371935e+00  -1.2087991e+00   2.0000000e+00
  -3.9938533e-01  -1.1062291e+00   2.0000000e+00
  -5.0910529e+00  -1.4963058e+00   2.0000000e+00
  -2.3287750e+00  -7.9988662e-01   2.0000000e+00
  -3.4217481e+00  -7.9075601e-01   2.0000000e+00
  -4.0371815e+00  -1.1937190e+00   2.0000000e+00
  -4.6546828e+00  -1.1390793e+00   2.0000000e+00
  -5.1464468e+00  -5.9449101e-01   2.0000000e+00
  -3.7917625e+00  -1.1725947e+00   2.0000000e+00
  -3.1938812e+00  -9.9878994e-01   2.0000000e+00
  -6.0291761e+00  -7.1535616e-01   2.0000000e+00
  -2.6623660e-01  -8.1298183e-01   2.0000000e+00
  -3.7270234e+00  -1.1286499e+00   2.0000000e+00
   1.2246437e+00  -5.6941793e-01   2.0000000e+00
  -2.8425486e+00  -1.2680814e+00   2.0000000e+00
  -2.5680599e+00  -1.1527172e+00   2.0000000e+00
  -3.2891173e-01  -9.9729147e-01   2.0000000e+00
  -6.2897075e+00  -8.1159159e-01   2.0000000e+00
  -4.8537487e+00  -8.7006424e-01   2.0000000e+00
  -1.4446956e+00  -6.7172221e-01   2.0000000e+00
  -4.2127034e+00  -1.0388788e+00   2.0000000e+00
   7.4037930e-01  -1.2188252e+00   2.0000000e+00
  -4.3986461e+00  -9.2651288e-01   2.0000000e+00
  -7.3251633e+00  -1.2719225e+00   2.0000000e+00
  -3.4843419e+00  -7.2368108e-01   2.0000000e+00
  -4.2844178e+00  -1.0176655e+00   2.0000000e+00
  -3.9266349e+00  -9.5549524e-01   2.0000000e+00
  -2.9051793e-01  -4.7741360e-01   2.0000000e+00
  -2.3412075e+00  -8.8340927e-01   2.0000000e+00
  -4.3052843e+00  -8.4670745e-01   2.0000000e+00
  -6.6702023e+00  -1.1763233e+00   2.0000000e+00
  -7.8054304e+00  -1.2636816e+00   2.0000000e+00
  -2.1110172e+00  -5.2628636e-01   2.0000000e+00
  -2.6496741e+00  -7.9519704e-01   2.0000000e+00
  -3.4659304e+00  -1.1170797e+00   2.0000000e+00
  -3.5757968e+00  -1.0515515e+00   2.0000000e+00
  -1.1591367e+00  -1.2131537e+00   2.0000000e+00
  -3.3370421e+00  -1.2220359e+00   2.0000000e+00
  -4.5233334e+00  -1.1686131e+00   2.0000000e+00
  -5.1968305e+00  -8.4840205e-01   2.0000000e+00
   1.8539724e-01  -1.9517372e-01   2.0000000e+00
  -6.0685785e+00  -8.2884221e-01   2.0000000e+00
  -5.1405361e+00  -1.0067029e+00   2.0000000e+00
  -3.3814504e+00  -1.1246900e+00   2.0000000e+00
  -6.3898385e+00  -1.2620127e+00   2.0000000e+00
  -1.4872229e+00  -7.9606177e-01   2.0000000e+00
  -2.9872273e+00  -1.2029046e+00   2.0000000e+00
  -5.1152182e+00  -9.2461082e-01   2.0000000e+00
  -4.6246826e+00  -1.1914129e+00   2.0000000e+00
  -4.9997501e+00  -1.2621221e+00   2.0000000e+00
  -8.3075087e+00  -1.4702222e+00   2.0000000e+00
  -7.6340330e+00  -1.2611127e+00   2.0000000e+00
  -1.8358129e-01  -4.5839853e-01   2.0000000e+00
  -5.0155393e+00  -8.6965738e-01   2.0000000e+00
  -5.2633753e+00  -1.0544979e+00   2.0000000e+00
  -6.3244872e+00  -8.9120908e-01   2.0000000e+00
  -2.3037104e+00  -8.8025746e-01   2.0000000e+00
  -2.6758062e+00  -6.3746463e-01   2.0000000e+00
  -2.8701584e+00  -9.9887510e-01   2.0000000e+00
  -5.4656410e+00  -1.0284514e+00   2.0000000e+00
  -2.3216379e+00  -9.3754274e-01   2.0000000e+00
  -4.9061875e+00  -6.0412092e-01   2.0000000e+00
  -4.5177365e+00  -6.0954252e-01   2.0000000e+00
  -1.7036066e+00  -9.0794247e-01   2.0000000e+00
  -6.8790622e+00  -1.0257931e+00   2.0000000e+00
  -3.2530333e+00  -1.4015794e+00   2.0000000e+00
  -9.3579949e+00  -1.2229837e+00   2.0000000e+00
  -6.5250270e-01  -8.4254073e-01   2.0000000e+00
   3.1481678e-01  -1.2666966e+00   2.0000000e+00
  -4.2762314e+00  -7.9234493e-01   2.0000000e+00
  -6.9184218e+00  -1.2237338e+00   2.0000000e+00
  -5.2163249e+00  -8.2003004e-01   2.0000000e+00
  -4.1179035e+00  -1.2328842e+00   2.0000000e+00
  -4.5172144e+00  -8.2518739e-01   2.0000000e+00
  -4.4970338e+00  -7.4891034e-01   2.0000000e+00
  -5.1665280e+00  -1.4813583e+00   2.0000000e+00
  -6.4697924e+00  -9.8877125e-01   2.0000000e+00
  -5.2497215e+00  -1.4004913e+00   2.0000000e+00
  -7.0881469e+00  -1.4559856e+00   2.0000000e+00
  -4.7391243e+00  -8.2988441e-01   2.0000000e+00
  -2.1892719e+00  -8.4075902e-01   2.0000000e+00
  -3.1877794e+00  -1.0837373e+00   2.0000000e+00
  -3.8876793e+00  -8.9060145e-01   2.0000000e+00
  -3.5746966e+00  -1.0162786e+00   2.0000000e+00
  -5.7379259e+00  -8.0885955e-01   2.0000000e+00
  -1.1250690e+00  -7.6773440e-01   2.0000000e+00
  -1.6604279e+00  -8.5139129e-01   2.0000000e+00
  -4.8210943e+00  -7.4749639e-01   2.0000000e+00
  -1.0765138e+00  -9.7163753e-01   2.0000000e+00
  -3.6288396e+00  -7.8517728e-01   2.0000000e+00
  -4.3945598e-01  -9.0874355e-01   2.0000000e+00
  -5.8273626e+00  -1.2657365e+00   2.0000000e+00
  -1.8261387e+00  -1.5143763e+00   2.0000000e+00
  -3.1609066e+00  -1.6563606e+00   2.0000000e+00
  -4.2365122e+00  -1.0260416e+00   2.0000000e+00
  -1.3310561e+00  -7.4913666e-01   2.0000000e+00
  -4.3748979e+00  -9.0899493e-01   2.0000000e+00
  -1.9672919e+00  -4.3951114e-01   2.0000000e+00
  -1.5445462e+00  -1.1216777e+00   2.0000000e+00
  -4.2975411e+00  -1.1374195e+00   2.0000000e+00
  -2.9793586e+00  -7.4074732e-01   2.0000000e+00
  -3.7043829e+00  -9.0697915e-01   2.0000000e+00
  -8.6096193e+00  -9.6069793e-01   2.0000000e+00
  -2.3917419e+00  -5.7157144e-01   2.0000000e+00
  -1.8741939e+00  -9.9255826e-01   2.0000000e+00
  -1.8480489e+00  -8.1669518e-01   2.0000000e+00
  -5.5547540e+00  -9.0118644e-01   2.0000000e+00
  -1.2260488e+00  -7.4966488e-01   2.0000000e+00
  -4.7586781e+00  -1.0677362e+00   2.0000000e+00
  -6.1827463e+00  -3.2108930e-01   2.0000000e+00
  -3.4420084e+00  -1.0938602e+00   2.0000000e+00
  -1.7310839e+00  -1.4378828e+00   2.0000000e+00
  -5.2410732e+00  -1.2215023e+00   2.0000000e+00
  -1.3877806e+00  -9.5141334e-01   2.0000000e+00
  -5.4834350e+00  -1.4046032e+00   2.0000000e+00
  -3.9581681e+00  -1.0682712e+00   2.0000000e+00
  -4.0805467e-01  -8.2854879e-01   2.0000000e+00
  -6.8063542e-01  -9.9015268e-01   2.0000000e+00
  -5.9929612e+00  -1.3072220e+00   2.0000000e+00
  -8.2030823e-01  -9.1841850e-01   2.0000000e+00
  -4.6320112e-02  -1.0258905e+00   2.0000000e+00
  -5.6608399e+00  -5.3002327e-01   2.0000000e+00
  -1.7461678e+00   5.1200969e-01   3.0000000e+00
   1.4427260e+00   4.6659472e-01   3.0000000e+00
   2.4370408e+00   4.9591611e-01   3.0000000e+00
   1.0702231e-01   4.9003219e-01   3.0000000e+00
  -1.0604964e+00   7.8673809e-01   3.0000000e+00
  -2.7962390e+00   4.5779279e-01   3.0000000e+00
   3.6282751e-01   5.4153649e-01   3.0000000e+00
  -6.1889546e-01   2.1034917e-01   3.0000000e+00
  -1.6882782e+00   4.4820275e-01   3.0000000e+00
   1.2072750e+00   3.8439415e-01   3.0000000e+00
   4.3652442e-01   3.9691429e-01   3.0000000e+00
   1.5762640e+00   2.9788761e-01   3.0000000e+00
   5.5305170e-01   4.0865240e-01   3.0000000e+00
  -1.0187619e+00   4.6659886e-01   3.0000000e+00
  -1.5939178e-01   5.1166557e-01   3.0000000e+00
  -3.1792401e-01   6.6232796e-01   3.0000000e+00
   4.1384168e-01   7.2086409e-01   3.0000000e+00
  -1.6717659e-01   5.1245626e-01   3.0000000e+00
   1.3360756e-01   8.3245638e-01   3.0000000e+00
  -4.9530351e-01   5.0439741e-01   3.0000000e+00
  -1.0024614e-01   3.8216034e-01   3.0000000e+00
   1.6040536e+00   7.7592669e-01   3.0000000e+00
   1.2726898e+00   6.9588522e-01   3.0000000e+00
  -2.1753793e-01   6.3041805e-01   3.0000000e+00
  -2.5770185e-01   3.8285650e-01   3.0000000e+00
  -3.8831691e-01   1.0629597e+00   3.0000000e+00
   1.8227583e+00   4.0552476e-01   3.0000000e+00
  -3.2050377e+00   4.8871034e-01   3.0000000e+00
  -1.0678101e+00   5.9012025e-01   3.0000000e+00
   1.0988540e+00   4.2844805e-01   3.0000000e+00
  -2.2972903e+00   4.7700010e-01   3.0000000e+00
   6.3825253e-01   4.5921972e-01   3.0000000e+00
  -1.5595754e+00   5.9711717e-01   3.0000000e+00
  -8.4576236e-02   1.3423441e-01   3.0000000e+00
  -3.7558727e-01   1.2239763e-01   3.0000000e+00
  -1.2254839e+00   6.8603119e-01   3.0000000e+00
   5.2652859e-01   7.9282313e-01   3.0000000e+00
  -1.5229930e+00   7.1945991e-01   3.0000000e+00
   4.3261201e-01   7.3475328e-01   3.0000000e+00
  -1.3517984e-01   5.9794664e-01   3.0000000e+00
  -6.5896977e-01   3.6555716e-01   3.0000000e+00
   2.7268254e-01   4.9885922e-01   3.0000000e+00
   3.6722369e-01   6.6521409e-01   3.0000000e+00
  -1.6606006e-01   3.6297494e-01   3.0000000e+00
   2.6105044e-01   7.0916323e-01   3.0000000e+00
  -3.4614239e-01   7.2578629e-01   3.0000000e+00
  -3.3290098e-01   3.3530642e-01   3.0000000e+00
  -9.5937555e-01   6.7005799e-01   3.0000000e+00
   1.4977779e+00   3.9581837e-01   3.0000000e+00
   2.2074441e-01   5.5245321e-01   3.0000000e+00
  -1.1886313e+00   3.2120708e-01   3.0000000e+00
  -1.9345585e-01   4.3647313e-01   3.0000000e+00
  -1.3655268e+00   3.8395244e-01   3.0000000e+00
  -1.2276683e+00   5.5472835e-01   3.0000000e+00
  -7.4827462e-01   6.8086759e-01   3.0000000e+00
   3.0597205e-01  -1.7015184e-01   3.0000000e+00
  -2.7840500e+00   5.0144018e-01   3.0000000e+00
  -3.6673534e-01   2.0851246e-01   3.0000000e+00
   3.6254203e-01   4.3445788e-01   3.0000000e+00
   1.0714878e+00   6.4780604e-01   3.0000000e+00
   4.6401982e-01   5.1696290e-01   3.0000000e+00
  -1.7333360e-01   6.1070192e-01   3.0000000e+00
   9.3686640e-01   1.0213076e-01   3.0000000e+00
   1.2343258e+00   6.3392962e-01   3.0000000e+00
  -1.9786092e-01   6.2162807e-01   3.0000000e+00
  -6.1388019e-01   1.1233580e+00   3.0000000e+00
   1.6980811e+00   4.1566917e-01   3.0000000e+00
   9.6760710e-02   7.4448120e-01   3.0000000e+00
   2.1481804e+00   2.2561673e-01   3.0000000e+00
  -1.4648079e+00   4.8660447e-01   3.0000000e+00
   6.0297427e-01   1.9001728e-01   3.0000000e+00
  -1.8057549e+00   5.4295347e-01   3.0000000e+00
   5.0438143e-01   4.3545318e-01   3.0000000e+00
   4.1772314e-01   3.7341523e-01   3.0000000e+00
  -2.5392387e-01   6.8395277e-01   3.0000000e+00
  -7.0141889e-02   6.6862721e-01   3.0000000e+00
  -1.0727099e+00   4.3774456e-01   3.0000000e+00
  -2.8158482e+00   6.9915566e-01   3.0000000e+00
   2.1378061e+00   7.0420188e-01   3.0000000e+00
  -2.2627037e-01   4.4568315e-01   3.0000000e+00
  -6.3281526e-02   4.9155686e-01   3.0000000e+00
  -7.4990464e-01   7.5914323e-01   3.0000000e+00
  -6.0309579e-01   4.5220484e-01   3.0000000e+00
  -1.7442491e-01   4.8661840e-01   3.0000000e+00
   1.1696003e-01   1.7018071e-01   3.0000000e+00
  -8.2267433e-01   7.0232059e-01   3.0000000e+00
   7.0044320e-01   5.5677861e-01   3.0000000e+00
   5.8178411e-01   6.2131301e-01   3.0000000e+00
   3.1804561e-01   4.0724896e-01   3.0000000e+00
  -7.3405698e-01   3.5499061e-01   3.0000000e+00
   1.1213988e+00   6.6652793e-01   3.0000000e+00
  -8.2017130e-01   4.2349798e-01   3.0000000e+00
   5.3553830e-01   4.5087355e-01   3.0000000e+00
  -6.7476445e-01   6.8257772e-01   3.0000000e+00
   4.7419707e-01   3.6436640e-01   3.0000000e+00
  -6.1268398e-01   5.8084996e-01   3.0000000e+00
  -9.3562013e-01   5.2379671e-01   3.0000000e+00
  -3.4545177e-01   6.0970111e-01   3.0000000e+00
   1.1312598e+00   2.8728368e-01   3.0000000e+00
   3.3064772e-01   4.6106854e-01   3.0000000e+00
   2.6828633e-01   7.5204195e-01   3.0000000e+00
   1.4197757e+00   2.4221418e-01   3.0000000e+00
   9.1116716e-01   4.5514198e-01   3.0000000e+00
   9.8871483e-02   1.4112014e-01   3.0000000e+00
  -8.0347477e-01   7.8840699e-01   3.0000000e+00
  -2.9114074e-01   5.7574916e-01   3.0000000e+00
  -2.4231673e-01   2.4924338e-01   3.0000000e+00
  -1.0127333e+00   5.6999025e-01   3.0000000e+00
  -1.5782971e+00   3.6680813e-01   3.0000000e+00
  -1.2556238e+00   2.8902679e-01   3.0000000e+00
  -6.2462191e-01   7.2839914e-01   3.0000000e+00
  -1.4046388e+00   2.9378966e-01   3.0000000e+00
   3.0868508e-01   8.7554505e-01   3.0000000e+00
  -1.1037028e+00   1.9676376e-01   3.0000000e+00
   2.2980023e+00   8.5735152e-01   3.0000000e+00
   4.0499290e-01   4.8987478e-01   3.0000000e+00
   1.3355427e+00   5.2723325e-01   3.0000000e+00
   7.1868810e-02   4.0437574e-01   3.0000000e+00
  -2.1330425e-01   3.5435956e-01   3.0000000e+00
  -4.5374932e-01   7.7737208e-01   3.0000000e+00
   5.0433207e-01   3.1112889e-01   3.0000000e+00
  -1.4074872e+00   4.1587953e-01   3.0000000e+00
   9.4490879e-02   3.8918350e-01   3.0000000e+00
   1.4175325e+00   4.0392596e-01   3.0000000e+00
  -4.5822345e-01   5.4156212e-01   3.0000000e+00
  -3.5299650e-01   8.6625484e-02   3.0000000e+00
  -2.0331383e-01   4.0530155e-01   3.0000000e+00
   6.1098622e-02   3.8331487e-01   3.0000000e+00
   1.0805340e+00   8.7766196e-01   3.0000000e+00
  -1.1150918e+00   1.3723051e-01   3.0000000e+00
   1.1860470e+00   3.7147185e-01   3.0000000e+00
   9.0885625e-01   4.9213366e-01   3.0000000e+00
   2.6708626e+00   8.0279362e-01   3.0000000e+00
   4.4357952e-01   3.9461410e-01   3.0000000e+00
  -1.6520296e+00   7.5051766e-01   3.0000000e+00
  -5.1019395e-01   5.3722637e-01   3.0000000e+00
   6.2640339e-01   5.9139486e-01   3.0000000e+00
   5.3870968e-01   1.5549656e-01   3.0000000e+00
   1.5227246e+00   5.2082620e-01   3.0000000e+00
   1.1697751e+00   5.5496180e-01   3.0000000e+00
  -1.2303137e+00   5.7905057e-01   3.0000000e+00
   5.9818962e-01   3.6249879e-01   3.0000000e+00
  -1.0451155e+00   4.1458117e-01   3.0000000e+00
  -1.9597703e-01   5.1646284e-01   3.0000000e+00
  -5.6902416e-01   2.5195643e-01   3.0000000e+00
  -2.8213741e-01   6.5261179e-01   3.0000000e+00
   1.1868087e+00   4.4965575e-01   3.0000000e+00
   1.0220899e+00   5.0943576e-01   3.0000000e+00
  -1.0953852e+00   2.5794064e-01   3.0000000e+00
  -1.5048358e+00   3.1683336e-01   3.0000000e+00
   1.1792856e+00   4.3900082e-01   3.0000000e+00
  -1.0543109e+00   1.3166158e-01   3.0000000e+00
   7.4905248e-03   2.9443426e-01   3.0000000e+00
  -1.6834446e+00   2.3941472e-01   3.0000000e+00
   1.1386078e+00   3.2825952e-01   3.0000000e+00
   7.1743376e-01   6.9839066e-01   3.0000000e+00
   1.7155934e-01   7.3489161e-01   3.0000000e+00
  -3.7970473e-01   6.5208376e-01   3.0000000e+00
   1.8839249e+00   4.1142957e-01   3.0000000e+00
   7.6030898e-01   6.4958813e-01   3.0000000e+00
   4.5781325e-01   6.4940210e-01   3.0000000e+00
  -1.7386337e-01   2.9738196e-01   3.0000000e+00
  -9.3664088e-01   6.5173580e-01   3.0000000e+00
  -2.2667215e+00   8.6489340e-01   3.0000000e+00
  -1.5750154e-01   1.4345017e-01   3.0000000e+00
   8.6311770e-01   5.0646537e-01   3.0000000e+00
   3.9599516e-01   2.4353045e-01   3.0000000e+00
  -1.0852343e+00   1.1164999e+00   3.0000000e+00
   1.0772001e-01   6.5950916e-01   3.0000000e+00
  -1.9766041e-01   8.3139781e-01   3.0000000e+00
   2.7576430e-01   4.0766676e-01   3.0000000e+00
  -1.1281112e+00   3.6170629e-01   3.0000000e+00
   1.0377731e+00   4.8280774e-01   3.0000000e+00
   6.1344648e-01   6.9561875e-01   3.0000000e+00
  -3.9060947e-01   3.4374067e-01   3.0000000e+00
  -5.9641460e-01   4.9041292e-01   3.0000000e+00
   1.0747439e+00   4.4820176e-01   3.0000000e+00
  -1.6085341e-01   3.8803481e-01   3.0000000e+00
   5.2166430e-01   5.0557268e-01   3.0000000e+00
  -1.2339469e+00   7.3164009e-01   3.0000000e+00
  -1.1383523e+00   6.0518624e-01   3.0000000e+00
   9.8811224e-01   5.1983463e-01   3.0000000e+00
   5.1846071e-01   7.4075806e-01   3.0000000e+00
  -9.6910547e-01   4.7159688e-01   3.0000000e+00
  -6.8874423e-01   2.9252185e-01   3.0000000e+00
  -1.4239358e+00   6.8926668e-01   3.0000000e+00
   3.8163549e-01   2.9403399e-01   3.0000000e+00
  -1.7234900e+00   8.6932816e-01   3.0000000e+00
   2.5813481e-01   5.9549153e-01   3.0000000e+00
  -1.4228545e+00   5.1809260e-01   3.0000000e+00
   4.2138710e-01   6.5810111e-01   3.0000000e+00
   1.1181262e-01   6.6205422e-01   3.0000000e+00
   3.1102073e-01   1.9140771e-01   3.0000000e+00
  -5.8927036e-02   5.9336663e-01   3.0000000e+00
  -4.7904408e-01   2.1871341e-01   3.0000000e+00
  -1.0438882e+00   5.0816266e-01   3.0000000e+00
   1.8317955e+00   3.5136360e-01   3.0000000e+00
   3.3641315e-01   3.8114365e-01   3.0000000e+00
   1.1145154e+00   6.4478079e-01   3.0000000e+00
  -9.5223808e-01   5.4019869e-01   3.0000000e+00
   1.7034098e-01   7.1388393e-01   3.0000000e+00
   1.4660886e+00   5.1612718e-01   3.0000000e+00
   4.5625736e-01   3.9425939e-01   3.0000000e+00
  -2.1446828e-01   6.0160234e-01   3.0000000e+00
   3.9503395e-01   5.2047098e-01   3.0000000e+00
  -3.1433691e-01   9.4828269e-01   3.0000000e+00
  -1.7048477e+00   2.4188111e-01   3.0000000e+00
   1.1306042e-01   7.0489302e-02   3.0000000e+00
   1.3356424e+00   6.7501077e-01   3.0000000e+00
   6.5196138e-02   5.4108398e-01   3.0000000e+00
  -3.5510939e-01   3.2019697e-01   3.0000000e+00
   1.2349142e+00   5.5944547e-01   3.0000000e+00
  -2.8212726e-01   8.0360413e-01   3.0000000e+00
   7.9768126e-01   7.6307413e-01   3.0000000e+00
   4.8551767e-01   3.2623931e-01   3.0000000e+00
  -1.1389301e+00   1.8078922e-01   3.0000000e+00
  -1.0510265e+00   3.8161408e-01   3.0000000e+00
   9.5534758e-01   3.2929715e-01   3.0000000e+00
   7.8586659e-01   4.4271616e-01   3.0000000e+00
   1.7351622e+00   5.8646128e-01   3.0000000e+00
  -1.6390237e+00   5.2707049e-01   3.0000000e+00
   9.0071084e-01   6.3916342e-01   3.0000000e+00
  -2.4752805e-01   4.3826858e-01   3.0000000e+00
  -1.6204565e-01   4.6274076e-01   3.0000000e+00
  -1.0652145e+00   7.9409943e-01   3.0000000e+00
   3.0049106e-01   4.9367093e-01   3.0000000e+00
   3.3008764e-01   3.7314744e-01   3.0000000e+00
  -1.2188479e-01   7.7997222e-01   3.0000000e+00
   7.8299310e-02   3.9585289e-01   3.0000000e+00
  -1.5388487e-02   5.2702595e-01   3.0000000e+00
  -5.3541255e-01   8.2370215e-01   3.0000000e+00
  -2.7683650e-01   8.4136310e-01   3.0000000e+00
   4.4059540e-01   2.7236494e-01   3.0000000e+00
   3.1120046e-01   4.1267137e-01   3.0000000e+00
  -3.3252017e-01   2.3155528e-01   3.0000000e+00
   9.0622959e-01   9.5266915e-01   3.0000000e+00
   1.1611010e+00   3.3989536e-01   3.0000000e+00
   8.7321410e-01   3.9506617e-01   3.0000000e+00
   2.0166760e+00   1.9127634e-01   3.0000000e+00
  -2.6947245e-01   4.6945277e-01   3.0000000e+00
  -2.4085127e-01   6.2404512e-01   3.0000000e+00
  -8.4391397e-01   8.8072784e-01   3.0000000e+00
   4.9991371e-01   4.9388480e-01   3.0000000e+00
   1.3519657e-01   4.4950310e-01   3.0000000e+00
  -6.8483245e-01   8.4573487e-01   3.0000000e+00
  -4.4797308e-01   2.0675930e-01   3.0000000e+00
  -9.0180329e-01   1.6984920e-01   3.0000000e+00
   1.5129569e+00   4.3502341e-01   3.0000000e+00
   9.1820623e-02   3.4475033e-01   3.0000000e+00
  -8.3593649e-01   2.9116071e-01   3.0000000e+00
   6.8847004e-01   4.0145579e-01   3.0000000e+00
   1.7307259e+00   3.4544709e-01   3.0000000e+00
  -1.6746944e+00   4.4173494e-01   3.0000000e+00
  -6.8691388e-01   3.7544044e-01   3.0000000e+00
  -1.7397566e+00   4.0587342e-01   3.0000000e+00
  -1.5272577e-01   6.4934062e-01   3.0000000e+00
   2.8096970e+00   3.6700415e-01   3.0000000e+00
  -6.0043549e-01   3.9212227e-01   3.0000000e+00
   1.9820897e+00   5.3034444e-01   3.0000000e+00
  -7.0859196e-01   3.5043862e-01   3.0000000e+00
   1.1356682e-01   4.4590978e-01   3.0000000e+00
  -3.1289389e-01   5.3740919e-01   3.0000000e+00
   1.9453671e+00   5.9436614e-01   3.0000000e+00
  -4.5413328e-01   2.9942653e-01   3.0000000e+00
  -5.0278551e-01   1.0413660e-01   3.0000000e+00
  -9.4242931e-03   1.7278066e-01   3.0000000e+00
   4.7151647e-01   6.0043381e-01   3.0000000e+00
   6.4536038e-01   6.0384264e-01   3.0000000e+00
   1.0060578e+00   3.1216842e-01   3.0000000e+00
   1.4094938e+00   2.7733097e-01   3.0000000e+00
  -2.4030616e-01   4.5774635e-01   3.0000000e+00
  -1.1881103e-01   6.8059174e-01   3.0000000e+00
   5.4346565e-01   6.4063049e-01   3.0000000e+00
   2.0949405e+00   7.2448609e-01   3.0000000e+00
   2.3192767e-02   2.9357871e-01   3.0000000e+00
  -2.1533749e+00   5.9792938e-01   3.0000000e+00
   2.0143767e+00   4.4693495e-01   3.0000000e+00
  -8.3616011e-02   7.4924436e-01   3.0000000e+00
  -1.0106165e-01   5.6932318e-01   3.0000000e+00
   5.6437525e-01   6.1020960e-01   3.0000000e+00
  -4.6005729e-01   3.7299645e-01   3.0000000e+00
   1.7985627e+00   6.7230208e-01   3.0000000e+00
  -8.7907216e-02   6.1556096e-01   3.0000000e+00
  -6.3194763e-01   3.9156111e-01   3.0000000e+00
  -1.2712918e+00   2.6748931e-01   3.0000000e+00
   3.0572042e-01   6.2519815e-01   3.0000000e+00
   5.6239295e-01   1.3074760e-01   3.0000000e+00
  -6.5029203e-01   5.9138437e-01   3.0000000e+00
  -1.1689756e+00   8.7701383e-01   3.0000000e+00
  -1.8167569e-01   2.7263378e-01   3.0000000e+00
   1.4457192e+00   5.5293273e-01   3.0000000e+00
   3.4980922e-01   6.6616038e-01   3.0000000e+00
  -1.4684411e-01   3.3760051e-01   3.0000000e+00
   2.2901547e-01   4.0757874e-01   3.0000000e+00
   1.5618158e+00   2.6320940e-01   3.0000000e+00
   2.2585954e-01   6.6542099e-01   3.0000000e+00
  -7.5668326e-01   5.9769949e-01   3.0000000e+00
   2.8807226e+00   8.0133206e-01   3.0000000e+00
   9.5191790e-01   4.8461160e-01   3.0000000e+00
   9.0154412e-01   6.7400806e-01   3.0000000e+00
   2.4842832e-01   5.2838276e-01   3.0000000e+00
  -3.3959931e-01   2.6066487e-01   3.0000000e+00
  -5.5368271e-01   4.0034664e-01   3.0000000e+00
   5.2452762e-01   4.0667512e-01   3.0000000e+00
  -4.1965795e-01   4.8214861e-01   3.0000000e+00
  -1.2989982e+00   3.5768376e-01   3.0000000e+00
   4.6883995e-01   5.2288015e-01   3.0000000e+00
   6.3907154e-01   5.0947560e-01   3.0000000e+00
   6.0207098e-01   2.9248659e-01   3.0000000e+00
  -1.4177525e+00   1.9503798e-01   3.0000000e+00
  -9.7479491e-01   6.9564358e-01   3.0000000e+00
   6.1247695e-01   6.2021985e-01   3.0000000e+00
  -2.4321725e-01   4.7968878e-01   3.0000000e+00
  -3.3874902e-01   2.4546217e-01   3.0000000e+00
  -9.0193854e-02   7.8720017e-01   3.0000000e+00
   2.6711334e+00   4.0974494e-01   3.0000000e+00
  -1.9951697e+00   4.7417343e-01   3.0000000e+00
  -2.0004610e+00   5.1123596e-01   3.0000000e+00
  -9.5735147e-01   7.3724751e-01   3.0000000e+00
   2.9089407e+00   2.2708954e-01   3.0000000e+00
  -6.7045405e-01   2.1728760e-01   3.0000000e+00
   8.1502044e-01   3.3171987e-01   3.0000000e+00
  -1.1414978e+00   4.3195804e-01   3.0000000e+00
  -1.3598090e+00   5.6344203e-01   3.0000000e+00
  -1.3056733e-02   3.8228594e-01   3.0000000e+00
  -4.8808535e-01   6.1587876e-01   3.0000000e+00
   1.1988104e+00   1.0021726e+00   3.0000000e+00
   1.4175883e+00   5.4402081e-01   3.0000000e+00
  -5.7220531e-01   1.9683263e-01   3.0000000e+00
  -1.0106312e+00   8.9061770e-01   3.0000000e+00
   5.0309764e-01   7.7825359e-01   3.0000000e+00
   6.2990007e-01   5.7625798e-01   3.0000000e+00
  -4.8514368e-01   5.4462087e-01   3.0000000e+00
   1.4910009e-01   3.1997860e-01   3.0000000e+00
   1.7262655e-01   4.7874139e-01   3.0000000e+00
  -6.6371683e-01   5.5364266e-01   3.0000000e+00
   4.5309585e-01   5.3331013e-01   3.0000000e+00
   9.0320128e-01   5.4813190e-01   3.0000000e+00
  -1.3114908e+00   2.0525837e-01   3.0000000e+00
   5.3386278e-01   5.8719365e-01   3.0000000e+00
   1.4759130e-01   4.4270460e-01   3.0000000e+00
   2.9014619e-01   9.6900158e-01   3.0000000e+00
   7.9892823e-01   6.3714411e-02   3.0000000e+00
   8.8920997e-01   6.6208567e-01   3.0000000e+00
  -4.5151125e-01   6.6349417e-01   3.0000000e+00
   9.2657049e-02   1.9308794e-01   3.0000000e+00
   1.9971276e-01   5.5151836e-01   3.0000000e+00
   5.7694316e-01   5.1188454e-01   3.0000000e+00
   3.5803084e-01   6.0442787e-01   3.0000000e+00
  -2.2182006e-02   5.3825442e-01   3.0000000e+00
  -1.8758239e+00   5.2086021e-01   3.0000000e+00
  -3.9773593e-01   6.4024921e-01   3.0000000e+00
   9.8522464e-01   2.3995522e-01   3.0000000e+00
  -7.4739089e-01   4.2274188e-01   3.0000000e+00
   7.0996845e-01   2.8175455e-01   3.0000000e+00
  -1.2826142e+00   4.8687981e-01   3.0000000e+00
   9.2250824e-01   6.2288096e-01   3.0000000e+00
   1.8318869e-01   9.0908238e-01   3.0000000e+00
  -1.6104438e+00   3.6710625e-01   3.0000000e+00
  -4.3016120e-01   8.2904616e-01   3.0000000e+00
  -2.6887660e-01   6.6091433e-01   3.0000000e+00
   8.3352278e-02   4.4825255e-01   3.0000000e+00
  -2.0257578e+00   3.1189008e-01   3.0000000e+00
   6.0188736e-01   6.0135104e-01   3.0000000e+00
   8.5362111e-01   2.8942796e-01   3.0000000e+00
  -1.6570409e-01   4.3663544e-01   3.0000000e+00
  -2.2122226e+00   4.4235102e-01   3.0000000e+00
  -5.5410343e-01   4.1304577e-01   3.0000000e+00
   9.6757497e-01   4.0210508e-01   3.0000000e+00
  -1.8791797e-01   7.4085523e-01   3.0000000e+00
   7.0516579e-03   3.4994424e-01   3.0000000e+00
  -1.2101223e+00   4.8715106e-01   3.0000000e+00
   3.8825773e-01   2.8919350e-01   3.0000000e+00
  -5.5780652e-01   1.4427121e-01   3.0000000e+00
  -2.4310703e-01   6.1213121e-01   3.0000000e+00
   5.8088457e-01   3.6149039e-01   3.0000000e+00
   3.2911122e-01   6.9384790e-01   3.0000000e+00
   5.6178582e-01   8.7491060e-01   3.0000000e+00
  -7.0871061e-01   3.9866744e-01   3.0000000e+00
  -1.7102478e+00   3.4730296e-01   3.0000000e+00
   8.1837521e-01   4.5964974e-01   3.0000000e+00
  -1.8901824e+00   6.6660671e-01   3.0000000e+00
  -9.1848574e-01   3.2705410e-01   3.0000000e+00
   2.6191486e-01   2.6514554e-01   3.0000000e+00
   6.6562326e-01   6.6696569e-01   3.0000000e+00
  -1.6462071e+00   2.4867286e-01   3.0000000e+00
  -3.3824991e-02   3.3911997e-01   3.0000000e+00
  -3.0131080e-01   3.7835714e-01   3.0000000e+00
  -2.0144869e+00   3.3790471e-01   3.0000000e+00
  -1.4827919e-01   1.2598312e-01   3.0000000e+00
  -2.5565789e-01   3.6332124e-01   3.0000000e+00
  -1.4694090e+00   8.1860591e-01   3.0000000e+00
   3.0791789e-02   8.1818499e-01   3.0000000e+00
   1.5543900e+00   6.7208625e-01   3.0000000e+00
   2.2828128e-02   4.0095730e-01   3.0000000e+00
  -1.7126499e+00   4.8894927e-01   3.0000000e+00
  -6.5935188e-01   2.5847860e-01   3.0000000e+00
  -2.0376699e+00   2.4605389e-01   3.0000000e+00
  -5.9909046e-01   5.6915296e-01   3.0000000e+00
  -1.6530300e-01   7.5793955e-01   3.0000000e+00
   5.5952027e-01   6.4597421e-01   3.0000000e+00
   2.2946054e-01   4.6729707e-01   3.0000000e+00
   9.2009344e-01   6.4975622e-01   3.0000000e+00
   1.8561108e+00   5.3683070e-01   3.0000000e+00
  -7.5620525e-01   6.0828426e-01   3.0000000e+00
   7.6505722e-01   7.3354160e-01   3.0000000e+00
   3.7343040e-01   4.1136940e-01   3.0000000e+00
   1.0238201e+00   4.6699662e-01   3.0000000e+00
  -8.8415601e-01   3.2084084e-01   3.0000000e+00
  -4.2726521e-01   4.5282192e-01   3.0000000e+00
   2.2108925e-01   5.4097801e-01   3.0000000e+00
  -1.0534591e+00   5.4464673e-01   3.0000000e+00
   1.3220673e+00   4.0969003e-01   3.0000000e+00
   1.1864423e-01   5.8644314e-01   3.0000000e+00
  -4.0624551e-01   3.7526636e-01   3.0000000e+00
  -6.6575601e-02   7.8397428e-01   3.0000000e+00
  -1.2455400e+00   5.0789071e-01   3.0000000e+00
   7.2361379e-01   2.4687887e-01   3.0000000e+00
  -2.1803725e-01   2.3512831e-01   3.0000000e+00
   3.2603139e-01   4.9205390e-01   3.0000000e+00
   4.9269241e-01   3.0038951e-01   3.0000000e+00
   1.2096319e-01   5.0371124e-02   3.0000000e+00
   2.0736647e-01   4.1135642e-01   3.0000000e+00
  -2.3358304e-01   5.8991609e-01   3.0000000e+00
   1.0391011e+00   4.1859542e-01   3.0000000e+00
  -1.1082809e+00   4.0923297e-01   3.0000000e+00
  -4.6447686e-01   3.8725555e-01   3.0000000e+00
  -1.4173025e-01   5.8042877e-01   3.0000000e+00
  -2.0526193e-01   7.2717549e-01   3.0000000e+00
   1.2763516e+00   7.7599273e-01   3.0000000e+00
   2.8718668e+00   5.0131077e-01   3.0000000e+00
   5.5993727e-01   5.3760854e-01   3.0000000e+00
  -4.7498460e-01   5.4408588e-01   3.0000000e+00
  -6.8570149e-01   1.3278284e-01   3.0000000e+00
   4.8244947e-01   1.7394071e-01   3.0000000e+00
   3.3619463e-01   2.4108910e-01   3.0000000e+00
  -1.0723577e-01   6.4061486e-01   3.0000000e+00
  -1.2776094e+00   4.0091841e-01   3.0000000e+00
  -4.2281133e-02   5.2446048e-01   3.0000000e+00
   3.4634030e-01   3.8482920e-01   3.0000000e+00
  -6.4704576e-01   3.4608553e-01   3.0000000e+00
  -1.3418350e-01   7.7689432e-01   3.0000000e+00
  -2.8261002e-01   3.9797730e-01   3.0000000e+00
  -1.2154975e+00   7.7090889e-01   3.0000000e+00
  -6.4833211e-01   1.6533669e-01   3.0000000e+00
  -4.4290905e-01   3.0202601e-01   3.0000000e+00
  -7.0184345e-01   6.5500222e-01   3.0000000e+00
  -4.7156362e-01   4.8719784e-01   3.0000000e+00
   2.7317973e-02   4.6179997e-01   3.0000000e+00
   1.1481275e+00   6.7901659e-02   3.0000000e+00
   1.0020750e+00   3.6762639e-01   3.0000000e+00
   7.9948873e-02   5.8993440e-01   3.0000000e+00
  -9.6040842e-01   5.6343838e-01   3.0000000e+00
   4.8956007e-01   8.6432827e-01   3.0000000e+00
   1.1192877e+00   7.1697196e-01   3.0000000e+00
  -1.0522934e+00   3.9280023e-01   3.0000000e+00
  -5.7860826e-01   7.0291653e-01   3.0000000e+00
  -1.8405083e+00   8.5089138e-01   3.0000000e+00
   4.8516002e-01   5.6060670e-01   3.0000000e+00
   2.4376141e-01   4.3650668e-01   3.0000000e+00
  -1.4923155e+00  -3.8299640e-03   3.0000000e+00
  -1.8006985e+00   4.7544550e-01   3.0000000e+00
  -1.7788232e+00   5.5715390e-01   3.0000000e+00
  -1.0914952e+00   6.4506885e-01   3.0000000e+00
  -3.6519661e-02   5.1783751e-01   3.0000000e+00
  -1.2949564e+00   4.1046136e-01   3.0000000e+00
  -7.2847425e-01   2.4516293e-01   3.0000000e+00
  -1.2261446e-01   6.3987033e-01   3.0000000e+00
   3.7296439e-01   5.6823013e-01   3.0000000e+00
  -9.8020503e-01   4.5840217e-01   3.0000000e+00
   3.3490071e-01   7.5598403e-01   3.0000000e+00
   2.4444705e-01   6.8122123e-01   3.0000000e+00
   3.3681975e-02   1.9233520e-01   3.0000000e+00
   1.1466785e+00   7.6500901e-01   3.0000000e+00
  -1.5796009e+00   7.9632343e-01   3.0000000e+00
   2.1734186e-01   7.1487386e-01   3.0000000e+00
  -7.5030809e-01   6.1575396e-01   3.0000000e+00
  -6.4718037e-01  -2.0506284e-02   3.0000000e+00
  -6.5853079e-01   6.3775354e-01   3.0000000e+00
  -1.2447605e+00   7.5821687e-01   3.0000000e+00
  -2.1539239e+00   5.7174026e-01   3.0000000e+00
  -4.9272754e-01   2.2133834e-01   3.0000000e+00
  -1.7968029e+00   4.5110796e-01   3.0000000e+00
   7.8468923e-01   6.0307722e-01   3.0000000e+00
  -1.1715275e+00   4.5020405e-01   3.0000000e+00
  -4.7594994e-02   7.2175093e-01   3.0000000e+00
   4.1955940e-02   7.7625915e-01   3.0000000e+00
   2.6095582e-02   6.0738015e-01   3.0000000e+00
  -1.4969993e-01   7.3427617e-02   3.0000000e+00
  -6.2154843e-03   4.3561526e-01   3.0000000e+00
  -1.4912903e+00   3.5037183e-01   3.0000000e+00
  -6.6767947e-01   3.5362017e-01   3.0000000e+00
  -2.0027766e-01   4.4651641e-01   3.0000000e+00
  -1.8163885e+00   3.3986225e-01   3.0000000e+00
  -2.3660519e+00   3.4955250e-01   3.0000000e+00
   5.0072001e-01   2.8048395e-01   3.0000000e+00
  -1.9975248e-01   3.9570678e-01   3.0000000e+00
   1.3513963e+00   3.6726913e-01   3.0000000e+00
   1.5670868e+00   8.7606167e-01   3.0000000e+00
   1.6782959e+00   3.1594908e-01   3.0000000e+00
